779.9
780.582
779.917
779.363
779.829
783.092
779.972
781.196
781.959
781.228
779.457
781.087
779.775
783.927
779.994
781.101
779.38
781.704
779.512
1071.71
1006.47
956.376
990.421
989.104
784.455
800.576
827.531
828.951
787.659
790.018
779.56
780.474
781.73
779.951
780.25
782.666
784.165
782.646
782.101
780.423
785.444
783.591
782.402
782.681
782.265
782.623
779.573
779.853
781.153
783.381
779.757
781.236
782.978
782.451
781.475
780.959
781.538
782.936
782.509
797.09
781.005
780.782
781.232
781.431
780.504
781.961
780.395
780.314
780.143
781.85
787.459
781.621
780.84
779.855
780.899
784.82
780.534
782.488
782.466
781.231
781.467
782.477
783.1
780.78
783.001
783.502
780.51
781.596
782.167
784.425
781.296
780.912
782.939
780.748
783.106
783.415
781.369
781.794
781.857
782.693
780.273
781.227
781.193
780.638
790.956
780.796
782.772
783.37
780.035
780.267
780.071
787.622
782.599
781.58
781.527
783.367
781.042
782.364
786.443
788.55
783.088
781.592
780.424
780.645
780.629
783.363
780.219
779.481
779.947
781.146
785.291
780.084
780.695
781.86
782.068
781.435
779.765
780.798
781.962
781.011
788.407
781.268
779.88
783.358
783.234
781.309
780.482
780.687
783.88
780.788
781.26
781.705
782.877
781.687
780.018
780.129
789.868
787.335
781.143
781.589
782.023
780.837
782.89
782.113
785.706
783.672
781.159
783.452
788.312
780.172
779.502
781.136
779.788
779.833
781.205
780.956
778.892
779.72
780.373
783.097
782.429
782.966
780.419
781.419
780.647
781.943
782.847
783.066
783.452
781.025
781.421
780.707
783.526
780.567
781.259
780.848
781.243
786.251
783.198
781.019
781.501
781.967
784.363
782.425
782.581
786.741
785.578
787.088
783.344
783.264
781.196
780.529
781.847
781.09
779.541
780.854
780.912
781.414
780.652
783.142
780.192
780.982
780.05
782.158
781.038
780.544
781.378
782.947
781.85
782.571
781.697
781.365
783.791
782.547
784.813
781.606
781.036
780.48
779.754
784.114
779.757
780.774
779.49
781.999
783.937
780.975
782.132
796.979
781.565
781.984
780.702
781.862
780.579
782.514
780.786
781.302
780.137
782.75
781.497
781.525
780.664
780.888
780.798
780.55
780.253
782.807
781.655
780.499
778.797
782.668
792.797
793.031
782.973
780.474
781.692
781.627
782.409
782.742
796.689
780.824
780.422
780.752
785.174
781.086
781.275
780.072
782.832
784.309
782.776
781.779
783.158
781.136
779.709
781.52
782.971
781.981
783.768
779.534
787.185
784.269
780.952
784.287
782.053
781.799
782.788
781.373
780.031
781.19
781.515
783.355
781.37
786.875
780.707
782.4
781.302
780.12
779.916
784.547
782.478
781.914
780.02
785.148
783.125
784.721
781.657
781.164
779.727
782.6
780.586
782.609
782.813
780.688
781.345
782.713
781.481
781.35
781.997
781.643
779.842
783.313
782.631
782.037
780.267
784.285
780.065
783.345
781.918
781.526
783.889
783.934
783.472
782.855
781.628
782.925
786.849
780.937
780.421
783.176
780.892
779.505
780.493
781.925
782.783
787.508
781.221
781.095
780.391
782.589
781.165
786.907
782.988
782.603
781.61
784.363
782.189
783.222
779.73
781.9
783.405
782.213
781.867
781.453
785.418
782.107
781.41
781.668
784.315
782.135
783.311
781.702
782.527
783.402
781.46
782.589
780.99
784.037
782.072
781.946
781.652
782.957
781.055
784.24
786.095
781.463
781.813
780.62
782.604
783.582
789.068
779.633
783.448
783.663
781.816
781.805
782.054
781.489
781.727
829.3
782.562
782.126
782.577
785.203
784.964
780.647
783.332
781.428
783.438
784.319
780.835
781.053
779.714
782.71
781.978
781.523
781.466
781.1
784.497
780.518
781.945
782.946
783.5
787.393
781.242
782.515
782.183
781.874
781.908
781.357
783.735
784.217
786.58
784.388
783.758
782.446
784.887
783.729
782.015
779.686
783.801
784.045
782.124
780.819
780.683
782.068
781.492
782.26
784.677
782.659
785.973
782.065
782.349
784.415
782.234
781.583
783.712
781.126
781.995
782.912
783.881
782.508
781.395
782.385
784.487
786.979
781.956
783.451
780.455
787.534
782.597
783.512
782.514
780.925
783.758
784.703
783.168
784.234
783.989
784.236
781.816
787.622
