3413.25
3419.69
3420.12
3422.65
3406.7
3441.51
3431.36
3437.88
3434.1
3415.73
3417.29
3437.38
3458.88
3420.09
3422.14
3418.82
3429.76
3412.07
3414.87
3428.34
4302.47
4245.16
4278.31
4331.69
3445.12
3598.07
3656.13
3545.3
3675.2
3546.04
3443.18
3455.8
3449.17
3446.74
3424.08
3454.44
3428.88
3466.33
3451.21
3416.18
3422.44
3428.48
3444.28
3432.95
3434.49
3426.26
3439.48
3457.97
3454.52
3460.09
3428.41
3436.22
3441.53
3457.44
3435.04
3436.53
3461.73
3436.11
3448.28
3429.78
3430.17
3439.18
3460.25
3442.16
3428.6
3448.88
3422.99
3462.89
3423.8
3426.44
3443.97
3451.99
3461.02
3410
3440.11
3430.65
3447.48
3422.25
3434.5
3447
3441.64
3456.98
3458.95
3456.34
3440.41
3470.02
3443.74
3442.62
3478.11
3439.61
3465.35
3447.98
3425.12
3453.26
3444.59
3448.49
3433.09
3422.46
3440.52
3444.94
3426.54
3447.81
3430.64
3439.41
3436.26
3424.17
3411.76
3430.43
3430.06
3434.2
3415.73
3433.19
3435.95
3440.79
3445.15
3431.17
3440.22
3431.41
3465.8
3432.99
3422.58
3431.91
3425.71
3423.44
3430.87
3423.78
3437.46
3464.59
3440.08
3440.18
3463.82
3431.38
3419.08
3452.61
3448.94
3423.21
3445.35
3427.64
3450.16
3445.17
3433.75
3422.93
3447.35
3429.97
3451.41
3438.8
3428.57
3428.49
3438.75
3420.61
3448.72
3451.42
3446
3437.99
3421.73
3410.26
3427.39
3439.4
3441.32
3460.06
3429.46
3463.92
3465.41
3463.44
3429.63
3437.75
3449.53
3430.82
3431.79
3419.49
3404.09
3420.47
3426.65
3432.17
3428.7
3428.36
3432.79
3424.23
3418.23
3426.99
3447.36
3433.34
3422.91
3433.48
3427.7
3465.63
3458.82
3448.95
3440.65
3461.53
3462.54
3422.08
3428.6
3433.26
3438.06
3426.48
3428.52
3446.58
3465.56
3426.28
3467.4
3456.2
3447.7
3450.22
3443.03
3448
3436.71
3456.22
3447.42
3448.49
3444.94
3455.07
3442.41
3430.02
3422.33
3424.24
3447.25
3470.24
3449.79
3428.84
3428.15
3430.22
3431.88
3483.21
3430.3
3432.22
3469.07
3449.91
3461.94
3445.4
3440.89
3439.48
3477.59
3437.8
3435.84
3434.36
3423.34
3426.8
3440.59
3448.23
3421.67
3426.2
3423.25
3435.53
3450.41
3438.11
3456.88
3421.26
3459.7
3443.32
3423.61
3427.86
3442.27
3456.54
3426.55
3449.12
3427.97
3444.48
3419.24
3425.97
3437.79
3445.49
3409.82
3455.63
3439.54
3467.67
3436.24
3424.66
3418.68
3427.74
3448.73
3756.11
3419.71
3435.08
3468.38
3436.25
3435.6
3445.88
3442.86
3442.81
3433.4
3420.72
3443.93
3459.61
3454.56
3423.41
3428.36
3412.81
3443.74
3444.52
3424.36
3437.91
3423.38
3427.07
3451.41
3423.32
3440.01
3472.9
3448.32
3470.94
3430.09
3439.15
3453.78
3459.84
3445.42
3486.17
3465.8
3487.62
3466.44
3438.53
3440.35
3418.2
3433.09
3471.16
3453.18
3423.91
3436.76
3438.99
3444.1
3455.31
3427.35
3420.02
3430.36
3448.01
3460.99
3428
3419.18
3440.03
3438.43
3436.13
3443.67
3420.89
3431.18
3433.9
3445.91
3425.62
3455.72
3448.94
3423.74
3474.16
3434.8
3475.99
3429.84
3426.83
3438.78
3446.65
3453.95
3439.81
3444.4
3447.36
3466.79
3446.97
3459.12
3459.67
3431.23
3460.61
3431.08
3430.98
3424.81
3426.62
3438.26
3430.05
3429.21
3453.65
3439.49
3424.8
3435.17
3453.54
3451.51
3439.72
3432.84
3447.52
3441.82
3452.98
3451.26
3448.6
3432.76
3433.36
3453.35
3459.57
3435.49
3441.27
3433.06
3427.25
3435.47
3437.11
3420.87
3435.2
3437.81
3439.62
3429.1
3429.3
3449.73
3460.84
3435.81
3427.75
3437.49
3449.12
3445.57
3432.8
3433.55
3444.93
3457.33
3469.95
3453.75
3423.05
3439.41
3453.04
3447.54
3431.58
3447.2
3505.39
3431.02
3457.57
3424.62
3417.23
3419.11
3458.12
3408.49
3447.73
3456.67
3465.33
3440.96
3423.4
3414.64
3443.94
3431.65
3432.56
3430.91
3442.02
3428.48
3424.87
3410.44
3445.9
3433.18
3429
3414.41
3424.86
3441.64
3420.25
3450.86
3442.57
3430.76
3443.4
3421.72
3439.99
3445.06
3466.82
3462.26
3450.26
3436.86
3448.8
3446.81
3420.99
3421.11
3447.21
3447.02
3435.18
3436.08
3435.5
3431.83
3426.17
3428.54
3455.54
3426.94
3428.1
3465.25
3457.32
3480.81
3469.46
3434.15
3438.66
3460.82
3455.59
3458.62
3444.29
3440.47
3442.33
3457.05
3428.28
3442.03
3444.22
3456.87
3442.85
3443.9
3432.43
3436.87
3465.16
3444.48
3443.83
3431.34
3437.35
3439.17
3463.48
3458.58
3481.48
3447.39
3444.01
3461.97
3440.52
