3205.4
3204.55
3207.01
3186.72
3222.28
3233.07
3221.73
3206.38
3204.51
3195
3205.22
3227.71
3222.29
3205.41
3200.01
3204.04
3193.26
3207.85
3215.9
4359.31
4105.85
4019.78
4028.49
4025.79
3263.61
3395.1
3385.4
3287.59
3263.29
3225.57
3231.74
3217.34
3214.86
3228.31
3221.69
3202.42
3220.63
3206.56
3215.68
3199.93
3213.8
3222.97
3266.17
3226.63
3216.63
3212.88
3213.08
3214.81
3204.45
3218.07
3209.97
3228.44
3220.51
3223.71
3212.82
3213.65
3230.02
3207.88
3209.72
3207.21
3201.4
3225.59
3200.48
3220.49
3195.8
3223.26
3208.49
3226.86
3210.97
3230.15
3227.8
3217.92
3223.42
3199.09
3205.1
3210.5
3232.99
3214.84
3224.55
3223.47
3211.11
3222.65
3234.18
3225.98
3236.7
3218.42
3223.59
3220.83
3218.68
3225.65
3211.63
3216.58
3195.26
3208.88
3239.78
3224.5
3211.51
3211.11
3227.22
3226.68
3201.95
3206.29
3196.83
3209.43
3214.31
3199.21
3197.54
3213.42
3200.24
3214.85
3209.84
3200.18
3217.18
3234.97
3226.67
3206.88
3231.84
3201.7
3208.48
3204.92
3208.81
3207.63
3192.13
3210.04
3218.7
3212.79
3204.66
3212.25
3208.57
3212.32
3230.14
3210.04
3205.85
3210.29
3212.41
3195.3
3198.07
3210.25
3217.97
3208.64
3199.69
3221.59
3212.99
3203.63
3229.04
3213.94
3204.97
3203.31
3222.56
3202.55
3205.31
3228.32
3223.94
3206.83
3199.4
3195.22
3231.98
3209.92
3219.05
3226.71
3223.9
3234.59
3233.14
3237.08
3232.54
3248.22
3201.68
3214.12
3207.4
3198.27
3210.81
3204.6
3202.28
3202.84
3213.14
3209.59
3203.47
3197.1
3197.63
3208.08
3216.93
3218.06
3202.75
3202.55
3211.6
3234.98
3213.53
3216.84
3225.34
3223.63
3223.02
3215.63
3218.58
3209.55
3204.07
3202.17
3229.58
3221.19
3214.47
3210.95
3207.95
3229.63
3233.07
3215.36
3227.35
3228.94
3200.98
3218.28
3236.48
3229.87
3213.5
3220.43
3212.12
3210.5
3222.1
3203.06
3212.24
3204.74
3211.24
3206.07
3211.65
3209.67
3206.8
3210.73
3231.32
3205.99
3225.64
3221.26
3222.7
3214.21
3214.53
3237.85
3226.83
3238.28
3220.32
3201.05
3233.66
3211.78
3207.76
3234.57
3206.74
3197.92
3209.68
3207.8
3215.92
3213.24
3226.89
3209.11
3204.17
3200.83
3203.82
3224.79
3209.25
3216.93
3200.06
3219.27
3245.29
3279.25
3205.86
3225.79
3222.58
3242.13
3203.89
3232.32
3226.7
3211.14
3217.41
3212.15
3203.35
3212.07
3392.01
3222.19
3203.33
3212.31
3230.5
3218.44
3218.6
3223.24
3220
3227.7
3215.42
3200.74
3206.38
3233.58
3221.67
3214.49
3211.71
3217.39
3216.54
3204.99
3207.99
3295.83
3208.46
3206.16
3213.9
3225.61
3209.38
3212.88
3250.36
3207.59
3201.57
3211.01
3220.37
3221.84
3220.46
3245.4
3209.68
3206.58
3210.77
3208.15
3211.91
3207.66
3208.03
3226.93
3223.78
3206.64
3203.77
3204.36
3218.45
3227.04
3213.65
3201.71
3217.09
3236.21
3215.05
3208.58
3210.53
3204.96
3210.17
3239.54
3204.3
3207.46
3206.05
3223.25
3217.57
3193.84
3230.91
3226.16
3203.53
3222.52
3231.32
3243.27
3214.33
3214.24
3214.09
3220.8
3212.25
3216.36
3234.25
3222.29
3231.68
3254.18
3238.66
3237.79
3214.15
3234.46
3194.64
3217.71
3211.35
3215.46
3217.05
3205.1
3211.47
3223.01
3218.14
3214.28
3213.16
3216.98
3221.38
3221.11
3228.49
3224.04
3239.18
3245.97
3235.01
3208.94
3207.68
3204.39
3226.45
3232.59
3203.2
3214.56
3209.92
3201.94
3207.65
3211.75
3214.55
3216.23
3204.53
3226.58
3218.99
3209.84
3215.47
3220.73
3205.11
3200.92
3208.17
3236.65
3217.66
3211.47
3224.06
3238.97
3223.76
3224.64
3252.71
3203.27
3223.12
3241.78
3201.39
3203.42
3216.56
3213.21
3226.99
3215.4
3218.9
3196.56
3210.15
3214.5
3205.37
3211.38
3203.22
3226.61
3228.83
3259.76
3226.3
3221.7
3208.1
3218.29
3201.04
3217.29
3199.51
3203.99
3222.36
3197.02
3214.48
3213.72
3201.66
3201.5
3264.18
3285.57
3226
3204.89
3227.39
3214.48
3209.3
3229.31
3223.93
3232.22
3240.53
3249.14
3209.52
3233.31
3225.86
3237.79
3220.69
3215.01
3223.46
3216.92
3219.45
3212.73
3207.58
3214.3
3211.12
3213.59
3233.46
3223.13
3219.49
3228.54
3231.95
3209.4
3211.99
3227.18
3217.26
3224.99
3240.68
3218.04
3213.29
3226.41
3219.19
3212.69
3210.76
3231.85
3237.43
3213.12
3217.92
3217.99
3216.08
3227.15
3233.78
3222.97
3216.58
3209.41
3237.64
3224.51
3232.33
3229.42
3248.57
3240.66
3228.32
3245.31
