747.88
746.574
747.477
747.694
750.801
749.515
748.208
747.167
747.446
747.748
748.192
748.995
749.056
746.209
749.58
748.764
747.749
747.064
774.401
1087.09
974.163
990.696
920.066
1040.87
765.286
777.06
779.53
763.336
770.499
757.001
747.291
751.868
747.66
749.633
748.746
747.437
750.896
750.411
749.369
747.126
754.332
747.573
751.168
747.802
748.714
750.129
748.413
747.697
751.563
749.324
748.372
746.77
748.959
749.324
747.298
749.902
749.275
747.072
751.127
748.355
749.618
746.951
746.85
748.454
747.691
760.822
749.627
748.714
748.095
747.333
752.504
761.299
749.065
748.271
749.409
749.144
749.973
748.434
749.014
749.216
747.768
751.088
750.876
750.837
749.155
747.493
749.325
747.703
748.764
751.433
752.134
749.803
747.405
747.517
750.289
749.668
749.12
746.544
751.519
749.294
745.982
747.955
747.369
751.71
749.612
747.433
746.857
750.123
749.887
746.664
746.88
750.004
748.747
750.388
749.5
747.348
750.814
752.834
754.862
747.69
747.642
750.649
749.199
747.232
748.285
746.291
750.073
749.929
747.773
749.713
749.079
748.036
747.858
748.02
750.87
747.163
748.948
748.721
750.002
751.239
746.368
747.686
749.17
747.352
751.047
746.881
747.563
748.658
748.928
748.794
750.883
749.983
747.968
749.709
747.134
747.354
749.223
753.544
748.845
746.976
748.348
750.263
747.453
751.784
748.59
748.278
748.104
748.354
750.933
746.4
747.313
748.04
747.925
747.312
747.497
750.253
747.488
746.253
746.892
748.791
751.556
746.979
747.028
748.079
747.929
750.275
751.423
749.033
750.666
748.398
747.671
749.79
748.523
747.381
747.559
747.493
748.733
748.394
749.44
748.382
748.46
749.374
750.402
751.416
750.258
748.628
751.404
756.914
748.107
749.004
749.694
747.838
747.403
746.764
751.846
747.494
748.747
746.079
747.878
749.158
746.147
748.903
747.864
751.975
748.675
747.202
747.256
750.81
750.88
747.158
751.897
748.34
748.144
749.929
748.589
749.971
747.181
746.645
745.882
746.863
748.401
747.479
748.274
748.283
751.66
749.563
748.648
759.098
745.913
746.411
748.148
747.942
748.392
749.229
747.474
747.481
748.616
750.009
751.628
747.368
750.111
747.976
747.441
750.982
750.414
748.76
748.136
749.411
747.858
747.059
757.593
775.207
749.836
748.679
749.405
748.255
748.144
749.267
747.542
748.705
750.579
748.54
748.911
750.198
748.523
747.076
746.434
745.98
750.304
747.492
747.568
749.522
748.291
749.095
748.603
749.928
751.507
749
749.824
751.083
749.292
748.405
751.099
749.167
750.807
748.371
749.211
747.231
747.728
748.101
751.685
752.249
751.931
747.775
750.421
748.523
746.843
751.734
755.7
746.935
746.01
747.6
758.804
751.774
748.105
747.733
749.525
747.948
749.254
747.802
747.592
745.85
746.807
749.004
751.222
747.22
750.759
749.185
747.788
751.072
749.134
747.669
747.224
749.117
750.702
747.919
751.778
747.041
750.669
750.945
751.23
752.093
750.608
748.825
747.748
749.026
748.697
748.33
748.78
749.358
746.874
746.475
748.002
752.794
748.719
747.627
748.912
748.409
751.195
752.261
748.298
750.617
748.45
749.834
749.696
748.148
745.76
748.106
747.819
750.458
747.883
747.199
750.925
748.703
749.579
747.662
746.742
748.471
749.524
751.111
749.567
745.641
750.742
748.762
747.643
749.423
747.964
750.874
749.063
748.012
749.712
747.686
749.924
748.818
749.515
747.554
749.544
748.03
751.52
746.86
748.273
751.181
749.108
749.925
748.552
748.719
748.723
752.782
750.546
751.627
748.381
756.047
747.005
747.509
748.143
748.828
748.063
752.228
749.017
748.924
748.199
748.114
750.017
748.694
750.482
747.712
748.227
749.052
749.509
750.907
750.473
750.655
750.698
748.535
749.101
749.289
750.165
749.971
748.647
749.54
755.495
749.094
750.104
750.065
751.751
747.7
752.491
749.086
750.254
749.927
748.351
750.653
748.806
749.455
750.553
749.228
750.523
750.651
751.082
748.197
748.797
748.117
750.864
750.293
751.457
748.11
748.387
751.511
748.849
748.365
750.626
750.097
750.517
753.8
749.564
749.043
749.562
751.92
752.094
750.045
750.589
750.957
750.053
749.71
752.283
750.251
748.398
751.908
748.445
750.998
