190.388
175.208
174.913
175.115
174.58
174.998
174.19
175.505
174.834
176.336
175.331
175.971
176.243
176.748
174.362
178.049
176.382
175.398
175.14
189.804
270.559
219.871
202.164
221.051
182.375
187.001
199.053
185.841
178.511
178.457
175.495
175.402
176.513
175.641
176.303
175.567
175.42
175.839
176.581
175.202
175.52
175.473
175.458
175.553
176.587
176.313
176.074
175.524
175.201
176.277
175.576
175.959
174.806
175.242
176.294
176.716
176.679
176.101
176.125
177.25
177.603
176.788
176.166
178.319
174.907
176.946
175.567
176.336
178.185
174.775
208.106
175.39
174.701
175.321
182.808
176.208
177.586
175.723
175.809
177.977
177.537
176.432
176.462
176.764
176.531
177.507
176.765
176.193
176.972
176.274
177.599
176.044
178.057
178.474
177.054
175.606
176.109
177.699
177.492
176.381
177.298
175.724
177.614
176.404
175.032
175.932
176.42
179.139
176.662
176.008
182.424
176.095
176.706
177.712
176.573
177.076
176.403
176.51
176.435
175.791
176.235
176.319
176.216
175.428
177.087
177.954
176.858
176.455
175.929
176.972
177.615
181.059
175.528
175.19
175.863
175.574
175.92
176.673
178.463
176.346
176.247
175.496
176.561
176.018
176.322
176.57
177.287
175.415
176.298
176.367
175.137
177.879
177.966
176.323
177.103
211.773
175.921
175.537
176.489
178.695
177.963
177.679
176.51
178.473
176.17
176.108
175.567
176.379
180.997
177.809
176.785
176.948
177.673
176.606
175.678
175.865
176.127
175.543
175.835
175.582
176.188
176.054
175.992
175.734
177.453
213.57
176.274
176.94
178.077
176.844
178.291
175.997
177.608
175.117
176.19
175.364
176.7
176.753
175.938
177.609
176.621
177.157
176.224
176.803
176.634
177.621
177.263
175.697
181.836
177.363
176.39
178.679
176.874
180.173
176.092
175.861
177.003
176.07
176.734
178.453
176.72
176.305
176.095
176.361
176.647
175.585
176.322
177.616
177.095
177.818
176.559
177.843
176.117
176.174
176.901
178.555
175.039
176.071
175.974
177.516
177.704
174.84
175.538
175.929
176.489
176.668
180.374
177.976
175.751
176.518
176.098
175.772
177.833
175.456
177.264
176.41
178.003
176.325
176.61
175.949
176.045
176.508
177.402
175.443
176.268
176.185
177.213
176.934
178.093
176.835
175.678
184.106
175.843
176.014
176.989
177.049
180.229
176.191
176.615
176.204
175.599
175.187
178.421
177.199
176.667
178.013
176.485
178.077
176.649
176.448
176.702
175.911
178.911
175.863
177.099
176.422
176.841
177.677
177.173
176.253
178.28
178.068
175.833
175.355
177.492
176.318
178.253
175.949
175.764
176.554
177.869
175.412
179.956
177.312
176.766
175.382
176.263
176.696
175.817
177.265
177.207
176.551
175.563
177.582
175.397
176.941
175.372
175.741
175.556
176.508
176.62
176.359
175.539
175.867
175.911
176.616
176.671
176.87
178.716
176.7
177.297
180.316
176.665
175.968
176.017
176.284
180.044
176.479
176.178
176.8
187.247
177.512
175.857
177.019
175.877
176.542
176.18
175.147
179.194
176.721
176.179
175.807
176.474
175.929
175.751
175.218
176.557
175.851
175.625
177.109
175.821
186.339
176.195
177.754
176.826
176.498
177.959
176.915
177.221
177.406
177.783
175.714
175.786
176.31
177.219
177.964
176.229
176.344
175.865
177.309
176.488
177.634
175.451
176.677
176.388
175.507
176.248
177.074
178.18
177.607
176.363
176.456
183.386
175.645
175.735
176.046
176.989
175.97
176.909
176.695
176.162
176.815
178.247
177.28
177.219
176.479
176.991
176.744
176.203
177.483
176.769
177.794
181.277
177.028
177.053
175.898
178.649
177.037
178.055
177.742
176.256
175.596
176.906
177.732
175.532
176.476
177.496
175.263
175.4
177.747
177.21
176.782
174.915
178.118
176.467
176.277
178.197
177.019
177.409
175.911
179.189
176.551
179.713
177.754
177.702
177.265
177.545
177.636
176.954
176.081
177.944
177.13
177.403
177.469
189.471
178.608
175.91
176.429
177.075
175.882
176.189
177.194
176.39
177.274
178.236
178.162
177.135
176.73
178.007
177.872
176.544
176.495
177.866
177.371
177.517
180.244
175.833
178.701
177.881
176.631
176.683
176.752
176.723
177.928
177.028
176.612
177.212
176.613
178.041
177.477
