56460.2
56286.6
56315.6
56337.2
56466.8
56604
56422.1
56363.9
56357.3
56301.9
56420
56598.7
56672.2
56418.3
56387.3
56325.7
56351
56410.1
56980.7
68346.7
72253.9
70222.7
71096
69230.9
57439.3
59193.8
59779
59357
57911.4
57136
56596
56632.1
56667.1
56646.1
56665.3
56632.8
56621.4
56615.6
56667.4
56403.8
56672.9
56454.4
56714.7
56611.4
56669.4
56621.8
56658.7
56667.3
56703.5
56797.7
56397.9
56591.1
56633.3
56707.7
56405.5
56572.9
56637.7
56621.1
56717.5
56546.7
56637.2
56645.9
56577.7
56567.3
56357.7
56650.5
56490.5
56641.4
56505.1
56584.5
56907.5
56626.1
56632.1
56525.2
56633
56664.1
56734.3
56531.5
56630.1
56751.3
56625.7
56780.6
56721.4
56711.2
56695.1
56710.2
56743.6
56744.9
56723.4
56637.9
56637.7
56676.6
56432.4
56537.5
56716.8
56702.9
56688.2
56403.7
56605.2
56652.1
56386.1
56585.4
56366.3
56615.8
56628.1
56433.6
56404.2
56584.5
56533.8
56425.2
56417.5
56695.3
56757.6
56663.9
56654.1
56564.3
56668.2
56596.5
56537.9
56441.8
56409.1
56409.7
56449.7
56420.9
56496.5
56543.9
56467.9
56624.2
56464.4
56623.2
56638.2
56476.9
56353.1
56664.8
56666.1
56425.1
56474.7
56615
56696.3
56667.4
56471.7
56433.2
56670.4
56527.1
56717.7
56663.4
56448.1
56439.5
56677.1
56414.8
56558.5
56729.2
56770.2
56465.9
56441.9
56384.4
56762.5
56761.5
56650.9
56710.4
56620.4
56681.2
56819.7
56825.2
56709.8
56718.3
56518.7
56411.6
56516.5
56358
56394.2
56335.4
56359.2
56403.2
56434.6
56382.5
56395.3
56358.7
56455.9
56571
56629.3
56454.9
56434.8
56450.7
56453.5
56751.7
56648
56686.9
56709.8
56714
56706.8
56479.9
56432.1
56452.2
56458.9
56464.8
56678.2
56657
56710
56413.8
56595.7
56706.5
56649.9
56598.1
56698.1
56828.2
56805.5
56801
56721.4
56666.3
56642
56667.7
56713.6
56436.5
56519.2
56433.4
56651
56498.1
56476.1
56489
56488.6
56447.9
56404.4
56667.5
56450.4
56564.6
56783.9
56651.7
56702.1
56626.6
56576.9
56690.2
56687.5
56773.3
56714.1
56423.7
56449
56451.9
56478.2
56695.7
56438.7
56344.7
56431.7
56458.9
56567.1
56575.1
56745
56615
56554.5
56461.5
56413.8
56561.2
56603.7
56713.1
56490.7
56627
56465.5
56707.1
56474.1
56583.5
56676.6
56645.8
56372.7
56609.3
56693.2
56678.5
56652.8
56489.7
56502.9
56434.1
57808.3
57747
56527.8
56595.8
56818.8
56434.2
56641.2
56797.4
56844.9
56722.9
56646
56473.2
56630.8
56677.5
56761.8
56454.3
56504
56439.4
56694.5
56746.9
56558.6
56714
56409.2
56633.5
56673.3
56573.7
56635.8
56873.9
56842.3
56893.2
56783.5
56630.9
56623
56795.1
56728.3
56771
56728
56433.7
56650.6
56428
56621.2
56613.2
56595.1
56672.7
56631.8
56395.9
56434.8
56590.7
56717.2
56765.6
56451.7
56471.4
56671.1
56788
56724
56518.4
56457.1
56445.3
56468.6
56692.4
56505.4
56464.6
56550.1
56627.1
56710.8
56361.7
56722.7
56712.1
56507.3
56695.1
56717.4
56731.1
56479.3
56566.6
56535
56694
56788.4
56621.9
56782.4
56779.8
56985.5
56790.7
56907.2
56797.3
56509.8
56789.9
56537.9
56594.2
56509.7
56527.2
56530.1
56439.4
56465.6
56673.8
56542.2
56591.3
56611.8
56566.9
56765.5
56641.6
56731.2
56800.1
56824
56810.2
56782.9
56501.3
56419.8
56486.1
56687.2
56733.6
56486
56621
56558.9
56486.7
56513.4
56489.6
56497.3
56464.2
56455.1
56705.2
56668.5
56469.6
56671.9
56806.5
56463.6
56504.9
56489.2
56664.4
56674.6
56494.8
56547.7
56749.6
56873.5
56798.7
56805.5
56487.5
56714.3
56733.4
56673.4
56531.5
56686.7
56892.1
56704.4
56797.5
56537.2
56446.8
56483.4
56738.4
56485.5
56518.2
56653.5
56900.1
56867.5
56434
56503.4
56619.7
56404.6
56597.9
56391.2
56646.3
56396.5
56398.5
56399.6
56463.5
56611.6
56532.9
56478.3
56488.9
56468.8
56764.1
56713.5
56608.3
56628.4
56525.1
56481.2
56719.8
56735.6
56804.6
56729
56914.7
56606.3
56749.9
56750.3
56508.1
56629.8
56576.8
56694.8
56481.5
56523.3
56565.8
56508.5
56461.8
56530.8
56765.4
56724
56608
56676.2
56824.6
56828.4
56608.6
56530.8
56550.1
56740.7
56790.2
56830.8
56604.3
56577.6
56769.2
56778.7
56535.5
56569.6
56721.3
56903.6
56628.5
56622.6
56546.3
56562.4
56718.3
56820.3
56790
56620
56557.5
56717.2
56823
56865.9
56846
56847.1
56917.4
56795.5
56910.4
