3221.6
3189.2
3204.21
3210.75
3221.58
3213.31
3210.59
3203.6
3214.62
3198.48
3196.84
3219.3
3241.23
3205.17
3204.4
3206.47
3209.33
3213.66
3212.39
3221.92
4048.42
4027.35
4024.61
4141.97
3239.61
3361.41
3362.62
3444.17
3384.44
3242.36
3224.86
3221.91
3219.1
3240.28
3230.54
3220.49
3232.2
3216.44
3212.16
3202.02
3221.62
3216.95
3221.15
3227.62
3233.2
3228.05
3234.36
3216.01
3228.48
3273.17
3202.9
3225.77
3226.22
3214.55
3214.57
3212.14
3225.06
3231.37
3232.39
3206.41
3226.03
3238.82
3218.43
3216.34
3202.27
3209.17
3215.11
3219.84
3214.34
3211.29
3229.51
3200.94
3221.98
3209.45
3234.84
3232.44
3239.9
3205.21
3216.25
3222.08
3203.39
3229.26
3237.81
3245
3247.73
3219.53
3229.82
3213.93
3227.9
3218.8
3218.36
3224.75
3207.65
3202
3214.38
3236.93
3220.85
3205.66
3223.44
3215.02
3207.37
3219.89
3192.38
3228.23
3221.93
3203.47
3210.54
3216.93
3207.3
3205.79
3204.99
3215.71
3238.01
3218.55
3219.7
3216.36
3226.16
3208.46
3199.21
3202.61
3201.09
3198.64
3202.22
3210.32
3199.04
3225.91
3198.55
3226.52
3216.24
3229.03
3217.24
3217.41
3194.4
3218.77
3219.61
3201.92
3202.15
3224.4
3221.78
3223.56
3222.45
3203.4
3231.03
3210.55
3223.65
3226.79
3213.14
3211.4
3227.42
3209.65
3207.1
3220.67
3237.99
3201.62
3210.96
3211.83
3222.6
3219.64
3220.95
3215.24
3219.08
3216.38
3206.52
3228.1
3216.07
3217.83
3223.23
3206.42
3208.06
3199.66
3200.48
3207.02
3213.11
3209.7
3203.64
3204.83
3209.06
3197.83
3203.53
3221.77
3212.29
3192.57
3210.7
3230.14
3208.99
3239.19
3209.41
3218.38
3220.6
3221.5
3229.8
3199.46
3208.89
3203.37
3217.07
3213.37
3217.85
3224.45
3217.52
3211.1
3214.3
3219.98
3235.99
3221.02
3238.62
3233.82
3227.27
3218.45
3232.24
3219.85
3216.11
3204.57
3217.29
3205.11
3210.2
3209.09
3218.77
3205.42
3205.75
3218.27
3221.85
3207.96
3214.94
3313.57
3196.68
3210.55
3227.17
3228.65
3223.97
3208.16
3218.16
3226.26
3217.17
3232.29
3208.72
3201.3
3222.88
3212.34
3207.87
3222.07
3198.37
3202.94
3209.58
3214.24
3242.86
3210.52
3231.43
3197.39
3221.69
3219.23
3203.45
3215.74
3216.17
3223.1
3220.85
3221.39
3215.15
3211.33
3199.78
3223.15
3235.1
3223.45
3209.74
3208.12
3215.56
3235.55
3228.7
3224.06
3216.34
3203.69
3218.53
3364.45
3215.52
3224.98
3241.74
3235.51
3228.13
3226.42
3225.19
3219.51
3208.07
3228.17
3214.19
3224.1
3234.83
3201.91
3202.35
3201.79
3224.89
3236.66
3345.99
3225.13
3198.87
3203.69
3226.69
3219.59
3226.3
3234.65
3226.42
3226.41
3240.58
3219.23
3219.65
3230.27
3216.64
3222.26
3233.7
3198.52
3203.27
3210.67
3219.73
3218.99
3212.98
3229.35
3220.56
3194.16
3214.35
3226.96
3241.61
3228.47
3205.61
3211.85
3234.17
3241.56
3209.45
3216.68
3208.62
3230.7
3212.89
3231.75
3209.36
3216.79
3222.98
3206.39
3232.94
3201.78
3218.39
3219.04
3198.17
3220.84
3219.24
3220.6
3208.72
3226.44
3204.5
3231.32
3229.39
3222.33
3238.91
3226.32
3225.18
3218.75
3223.23
3238.58
3220.46
3218.62
3213.86
3211.39
3217.01
3225.96
3216.68
3207.82
3217.98
3211.35
3232.94
3227.45
3217.37
3212.2
3219.55
3215.39
3234.21
3234.86
3222.84
3231.92
3218.2
3208.87
3207.83
3204.89
3241.3
3221.62
3203.31
3221.5
3211.44
3221.15
3206.56
3204.27
3213.69
3204.03
3213.26
3224.64
3229.12
3208.09
3218.8
3252.1
3198.68
3222.25
3218.96
3227.21
3224.69
3205.09
3212.95
3216.88
3218.24
3240.68
3229.12
3197.88
3228.64
3229.37
3214.34
3223.97
3215.74
3313.13
3221.59
3235.02
3217.75
3209.32
3205.59
3235.19
3228.67
3226.44
3213.33
3226.51
3236.33
3204.62
3216.13
3216.74
3207.04
3217.94
3203.19
3203.54
3203.26
3214.59
3201.99
3209.31
3226.8
3206.96
3214.7
3213.05
3204.85
3224.65
3226.14
3213.24
3214.98
3204.25
3214.57
3226.19
3227.08
3238.07
3228.99
3232.94
3208.23
3215.86
3225
3210.61
3221.9
3233.33
3224.79
3213.19
3220.7
3234.97
3212.15
3209.19
3216.07
3250.5
3212.02
3216.88
3237.33
3213.35
3233.09
3217.71
3224.45
3206.25
3214.62
3233.33
3221.23
3218.28
3225.96
3224.27
3232.35
3214.21
3216.89
3211.85
3233.68
3212.76
3214.44
3221.88
3225.15
3238.72
3226.29
3226.89
3223.22
3210.49
3223.27
3244.62
3225.67
3231.56
3237.71
3227.11
3228.08
3240.62
