1925.68
1925.43
1914.35
1923.95
1930.4
1944.98
1926
1937.66
1934.87
1922.79
1931.5
1972.63
1930.2
1932.67
1925.33
1924.21
1925.43
1925.47
2008.78
2426.75
2474.97
2399.42
2421.46
1963.15
1965.41
2069.19
2021.21
2094.19
1977.16
1954.57
1952.08
1952.91
1934.04
1941.76
1948.57
1950.9
1931.4
1939.95
1951.08
1933.09
1940.62
1925.66
1942.16
1956.3
1953.24
1943.34
1952.65
1951.62
1946.55
1960.07
1933.12
1939.52
1947.43
1958.84
1933.33
1931.22
1942.83
1938.41
1934.39
1938.47
1938.89
1950.69
1941.47
1932.81
1957.96
1942.69
1928.56
1960.63
1927.05
1946.67
1942.47
1945.61
1928.24
1924.65
1933.64
1937.49
1942.53
1948.73
1934.93
1953.05
1941.5
1957.9
1932.22
1950.48
1952.95
1934.7
1943.81
1954.39
1953.94
1947.26
1961.67
1935.5
1932.2
1931.36
1961.18
1942.46
1941.44
1950.78
1937.23
1936.43
1932.33
1929.6
1930.45
1967.04
1934.98
1935.76
1930.74
1962.02
1942.13
1937.05
1946.86
1936.55
1944.8
1960.28
1949.25
1945.56
1955.42
1931.96
1935.17
1926.33
1926.84
1936.09
1930.63
1929.96
1935.76
1932.05
1933.81
1947.02
1936.84
1941.9
1949.74
1950.53
1935.43
1944.46
1948.88
1931.1
1951.26
1945.8
1955.73
1942.72
1932.91
1935.08
1941.51
1945.24
1935.27
1958.41
1940.19
1935.53
1964.31
1925.07
1939.2
1947.57
1944.26
1930.27
1951.11
1926.25
1957.99
1943.68
1927.54
1939.66
1948.76
1947
1952.93
1958.84
1948.33
1956.58
1922.88
1929.13
1929.9
1933.02
1933.9
1929.9
1929.63
1942.86
1931.16
1931.17
1929.31
1934.32
1934.87
1941.19
1936.44
1934.46
1934.17
1940.79
1935.88
1959.33
1941.02
1961.53
1947.47
1944.95
1944.91
1947.13
1930.7
1935.25
1931.21
1931.83
1962.42
1942.17
1943.53
1934.19
1935.84
1944.25
1935.07
1951.11
1950.22
1963.21
1953.62
1948.89
1950.37
1937.67
1937.27
1948.15
1952.66
1953
1942.7
1949.92
1946.91
1935.57
1937.15
1935.56
1937.13
1930.52
1924.48
1935.87
1936.69
1935.72
1953.77
1938.95
1958.41
1936.96
1935.34
1950.84
1942.43
1958.3
1949.29
1934.79
1926.46
1937.1
1923.39
1932.71
1932.89
1928
1923.32
1931.43
1937.56
1952.5
1947.73
1926.75
1928.57
1930.42
1942.86
1940.29
1941.8
1956.74
1935.01
1957.75
1927.07
1946.15
1932.24
1943.03
1951.7
1945.48
1942.36
1937.6
1951.57
1939.1
1937.4
1930.9
1936.96
1927.06
2009.52
1930.35
1945.43
1961.92
1936.05
1942.96
1965.79
1946.5
1937.28
1946
1951.08
1933.25
1958.29
1935.58
1944
1926.78
1942.91
1944.96
1952.5
1970.34
1934.05
1954.84
1926.1
1953.35
1951.61
1927.7
1952.69
1962.79
1955.18
1958.73
1943.91
1942.99
1955.45
1946.86
1948.77
1943.32
1948.52
1930.49
1934.82
1943.47
1936.74
1932.94
1938.58
1958.42
1953.22
1931.7
1936.25
1932.34
1936.64
1966.92
1935.4
1955.4
1948.3
1947.79
1947.1
1933.81
1935.79
1930.79
1940.71
1949.92
1954.29
1956.22
1938.88
1937.37
1955.25
1933.38
1953.04
1941.44
1947.03
1952.96
1959.71
1944.04
1933.35
1932.41
1934.66
1936.69
1936.22
1963.74
1956.92
1952.26
1967.27
1947.36
1955.42
1957.05
1926.6
1960.17
1934.83
1939.41
1936.97
1941.73
1956
1953.43
1931.05
1934.94
1937.58
1959.47
1934.18
1936.13
1953.93
1941.7
1955.21
1934.03
1965.47
1934.08
1965.28
1926.38
1939.09
1925.31
1957.28
1929.78
1936.54
1932.08
1943.34
1931.84
1941.12
1946.4
1940.56
1941.93
1927.06
1948.39
1942.79
1922.41
1954.45
1966.74
1931.68
1937.51
1948.01
1939.91
1961.23
1930.74
1955.97
1943.65
1944.73
1952.95
1973.41
1934.47
1957.46
1944.32
1924.02
1932.79
1962.82
1946.23
1959.61
1990.26
1939.54
1941.8
1943.42
1954.75
1937.45
1938.05
1949.34
1946.56
1970.92
1934.94
1946.19
1942.23
1920.22
1936.52
1941.45
1932.07
1927.67
1924.81
1931.99
1947.37
1944.92
1950.33
1932.16
1939.48
1931.93
1938.02
1947.65
1931.32
1944.02
1933.49
1937.96
1949.11
1954.85
1948.88
1936.69
1942.92
1949.6
1937.6
1951.61
1937.21
1934.59
1928.4
1968.04
1934.1
1937.17
1934.23
1934.23
1937.04
1932.99
1953.53
1955.32
1955.69
1947.9
1947.6
1966.09
1937.28
1940.73
1956.13
1948.11
1948.99
1952.16
1941.67
1938.49
1945.24
1950.89
1942.92
1946.71
1966.79
1948.67
1938.91
1947.51
1933.37
1927.39
1953.89
1956.47
1966.68
1935.89
1947.32
1950.36
1943.36
1974.14
1958.41
1956.12
1954.11
1948.18
1965.67
