3068.35
3067.97
3065.02
3075.83
3075.72
3080.57
3074.26
3068.57
3074.06
3074.72
3096.68
3080.8
3086.66
3074.74
3070.79
3075.61
3067.58
3075.45
3082.55
4202.92
4239.77
3767.4
3868.86
3888.12
3118.38
3258.09
3316.06
3152.75
3124.48
3100.62
3089.09
3076.4
3074.22
3078.98
3080.55
3086.81
3090.64
3079.01
3083.97
3080.46
3094.06
3064.99
3092.38
3078.05
3074.96
3084.84
3088.42
3084.42
3084.96
3092
3089.81
3076.7
3071.72
3090.75
3066.41
3089.23
3078.59
3110.89
3079.08
3076.34
3088.48
3078.51
3078.1
3080.44
3065.84
3107.97
3074.99
3086.65
3077.47
3095.06
3125.72
3078.17
3070.02
3089.27
3093.1
3081.8
3079.86
3073.96
3082.94
3080.06
3082.44
3109.74
3081.17
3086.31
3082.87
3084.3
3086.11
3080.91
3079.33
3084.35
3084.97
3079.46
3072.29
3078.93
3074.05
3082.75
3090.25
3071.67
3078.96
3080.09
3072.39
3083.33
3068.76
3086.02
3077.26
3078.25
3072.83
3087.67
3078.76
3074.25
3070.03
3102.22
3097.73
3078.69
3071.6
3075.77
3080.67
3081.05
3068.43
3069.88
3069.85
3068.72
3069
3071.56
3071.27
3074.89
3076.2
3084.56
3074.93
3074.11
3078.86
3068.95
3074.21
3078.76
3083.24
3079.96
3069.75
3078.82
3086.8
3079.57
3075.39
3073.72
3119.9
3090.48
3088.17
3076.75
3071.72
3071.76
3094.78
3072.3
3081.17
3088.29
3088.39
3075.83
3066.52
3072.25
3087.55
3097.11
3072
3094.04
3085.77
3087.19
3095.36
3086.48
3082.27
3080.83
3069.57
3077.04
3071.68
3066.79
3073.52
3067.11
3073.86
3070.48
3074.52
3072.23
3068.14
3070.12
3074.76
3080.74
3081.43
3075.66
3076.33
3072.11
3074.51
3078.16
3081
3077.21
3082.81
3081.71
3083.82
3076.89
3067.76
3062.01
3074.49
3074.26
3080.54
3081.76
3086.51
3070.4
3082.81
3076.72
3086.44
3080.69
3076.93
3082.96
3081.29
3085.55
3087.98
3080.78
3077.49
3081.89
3075.5
3078.3
3070.73
3075.84
3069.15
3073.47
3073.3
3075.84
3065.87
3078.97
3069.08
3079.5
3077.65
3085.88
3076.9
3081.77
3077.35
3087.63
3079.37
3083.22
3091.84
3086.86
3079.34
3063.82
3076.27
3078.76
3073.87
3084.11
3075.22
3069.43
3071.74
3075.71
3077.35
3079.13
3073.24
3086.96
3066.14
3075.18
3075.03
3082.21
3083.92
3079.65
3066.39
3078.99
3076.22
3080.86
3079.78
3075.17
3089.09
3080.58
3071.3
3098.16
3082.3
3080.07
3078.33
3076.62
3074.39
3077.27
3268.7
3204.23
3141.43
3082.47
3081.25
3072.66
3078.73
3079.87
3083.68
3091.46
3080.18
3072.81
3085.67
3077.53
3084.26
3075.39
3073.83
3065.14
3078.05
3086.61
3079.97
3084.07
3065.64
3082.01
3090.64
3068.35
3083.64
3085.84
3094.69
3081.07
3082.62
3073.55
3080.65
3077.18
3099.77
3075.04
3085.78
3070.82
3073.24
3077.67
3085.77
3095.4
3073.5
3084.78
3079.52
3077.68
3065.94
3076.12
3085.59
3091.29
3077.33
3078.66
3082.7
3092.45
3096.62
3071.88
3068.01
3072.11
3067.27
3081.42
3075.58
3078.12
3071.46
3074.7
3092.92
3065.38
3083.09
3080.59
3077.99
3081.15
3078.98
3089.74
3072.17
3079.62
3076.07
3085.73
3080.06
3085.1
3083.13
3091.87
3067.64
3085.8
3087.94
3095.54
3071.24
3101.5
3073.76
3080.14
3077.39
3074.53
3076.6
3073.2
3079.59
3102.72
3073.7
3078.53
3082.64
3076.24
3076.4
3087.81
3084.98
3083.46
3096.32
3084.81
3092.42
3074.73
3073.34
3073.45
3085.07
3083.28
3070.95
3080.03
3067.99
3082.73
3080.43
3079.19
3082.31
3065.86
3083.7
3081.83
3080.54
3074.93
3080.44
3093.53
3085.21
3072.15
3080.81
3083.13
3075.37
3067.77
3069.19
3089.36
3092.37
3084.5
3104.26
3082.17
3081.12
3090.2
3074.3
3075.29
3078.81
3091.45
3088.63
3092.41
3082
3081.09
3079.7
3078.89
3086.43
3075.45
3097.08
3091.39
3083.23
3068.09
3075.37
3083.39
3070.57
3079.73
3076.76
3088.45
3077.07
3084.95
3082.31
3075.33
3081.82
3078.08
3122.95
3085.42
3077.24
3096.75
3085.36
3074.1
3101.91
3078.31
3078.07
3082.7
3079.14
3080
3085.98
3094.77
3081.44
3086.28
3103.29
3070.85
3088.98
3077.67
3093.17
3072.34
3074.42
3080.26
3079.02
3078.08
3075.83
3088.66
3132.99
3076.06
3079.64
3092.19
3097.64
3083.21
3079.34
3079.14
3084.09
3085.79
3089.19
3082.09
3089.91
3093.01
3099.1
3074.9
3081.64
3086.93
3094.79
3082.67
3079.42
3077.51
3082.7
3085.38
3081.71
3089.61
3082.05
3078.08
3089.52
3093.45
3090.61
3082.73
3089.59
3094.98
3097.39
3092.5
