3198.55
3205.64
3210.74
3194.49
3218.92
3232.92
3207.47
3209.57
3198.05
3202.24
3215.07
3217.04
3241.51
3192.34
3208.17
3217.51
3208.3
3199.38
3203.84
4529.71
4131.36
3968.98
4096.14
4093.94
3244.54
3398.73
3400.36
3373.95
3245
3235.2
3223.96
3211.43
3222.23
3215.7
3242.35
3221.94
3234.01
3211.16
3217.11
3208.37
3232.12
3214.14
3209.92
3219.65
3221.49
3214.75
3221.13
3219.57
3219.06
3232.12
3195.26
3229.97
3238.33
3216.39
3205.97
3229.03
3237.31
3219.08
3249.7
3240.21
3224.99
3229.86
3209.04
3217.99
3206.69
3225.06
3211.48
3226.9
3202.13
3205.78
3251.81
3224.42
3217.54
3210.35
3210.57
3215.79
3217
3211.98
3222.1
3227.97
3237.68
3218.77
3238.93
3215.42
3224.07
3213.96
3225.66
3227.3
3224.73
3213.49
3248.33
3226.25
3204.08
3212.31
3218.22
3224.08
3224.98
3198.35
3229.92
3244.18
3206.82
3214.84
3202.6
3225.9
3219.18
3211.39
3222.61
3216.5
3244.99
3195.31
3207.1
3222.21
3205.47
3232.76
3212.15
3210.24
3226.94
3204.66
3201.6
3203.14
3208.03
3218.45
3212.08
3203.61
3204.21
3200.46
3205.8
3231.24
3195.18
3227.91
3216.88
3207.48
3205.5
3264.06
3223.42
3206.76
3208.26
3231.9
3241.12
3224.14
3220.32
3209.83
3215.48
3207.88
3227.77
3229.57
3212.51
3204.68
3240.02
3213.2
3214.5
3220.83
3226.97
3209.85
3202.65
3210.61
3224.99
3215.47
3218.48
3223.93
3202.82
3216.95
3210.25
3220.07
3231.24
3227.73
3203.52
3211.65
3215.74
3206.36
3210.6
3206.23
3199.76
3210.09
3202.88
3218.67
3209.75
3206.11
3223.03
3224.88
3225.54
3204.35
3209.03
3216.85
3218.58
3230.54
3233.33
3227.64
3224.51
3219.7
3232.14
3202.42
3218.49
3212.6
3201.69
3210.91
3230.26
3220.8
3231.99
3208.69
3223.24
3230.05
3230.77
3217.18
3243.67
3239.33
3223.27
3226.66
3228.68
3216.93
3215.72
3216.62
3228.28
3205.55
3202.7
3211.17
3237.14
3201.96
3201.86
3200.84
3219.96
3201.21
3192.72
3206.55
3207.54
3227.63
3238.63
3221.41
3224.4
3228.11
3221
3231.02
3204.64
3216.49
3221.43
3205.22
3196.14
3213.1
3212.41
3229.82
3199.63
3210.63
3213.44
3202.63
3227.23
3215.57
3219.77
3209.72
3202.12
3228.76
3210.66
3222.16
3218.74
3216.34
3211.86
3229.27
3203.75
3237.62
3257.63
3224.67
3227.82
3217.63
3202.95
3218.22
3218.52
3230.45
3233.62
3219.88
3197.75
3207.89
3240.63
3211.19
3199.47
3220.45
3229.55
3219.53
3211.47
3247.85
3218.38
3221.82
3226.73
3211.99
3232.06
3234.92
3233.66
3208.33
3212.69
3208.8
3220.85
3239.2
3203.5
3243.99
3225.13
3271.89
3231.85
3225.33
3219.05
3223.39
3223.34
3220.69
3232.79
3224.12
3215.27
3230.65
3223.12
3233.52
3225.16
3202.77
3213.57
3204.12
3228.37
3208.35
3209.19
3220.53
3210.26
3211.62
3210.71
3202.66
3220.96
3223.93
3209.66
3211.65
3230.61
3246.63
3224.54
3209.75
3213.2
3204.11
3197.18
3220
3200.62
3216.51
3209.1
3228.48
3209.87
3204.89
3219.89
3242.44
3215.43
3226.86
3221.07
3237.62
3224.71
3211.47
3214.82
3223.53
3214.14
3219.53
3224.31
3234.39
3241.72
3239.44
3224.29
3210.5
3209.88
3236.87
3210.58
3224.84
3199.87
3230.64
3210.48
3214.86
3214.23
3236.82
3200.33
3218.35
3210.2
3219.03
3225.55
3204.89
3216.43
3250.47
3232.81
3234.34
3217.43
3211.53
3215.17
3217.76
3227.84
3245.82
3201.8
3218.36
3211.77
3208.33
3212.18
3209.15
3209.62
3210.42
3207.19
3222.44
3239.17
3203.34
3208.97
3237.05
3206.39
3202.93
3209.03
3226.91
3227.13
3200.57
3217.94
3230.14
3225.14
3218.54
3235.91
3215.77
3227.04
3229.63
3218.78
3205.38
3247.24
3213.8
3218.09
3203.87
3205.17
3206.11
3203.55
3230.17
3214.49
3212.67
3218.01
3207.75
3230.4
3197.44
3238.16
3216.87
3200.47
3213.37
3213.84
3220.59
3202.51
3199.69
3208.87
3216.4
3226.26
3208.51
3210.81
3214.43
3206.81
3214.08
3231.42
3203.42
3215.81
3228.09
3203.47
3227.46
3224.85
3237.35
3237.06
3228.16
3213.46
3230.69
3237.13
3214.72
3216.9
3222.54
3218.81
3202.02
3215.27
3218.81
3208.71
3211.9
3225.42
3222.91
3250.03
3228.18
3212.91
3233.18
3225.37
3208.6
3212
3221.26
3229.96
3227.05
3263.42
3215.74
3214.42
3226.94
3217.06
3231.6
3227.86
3223.79
3240.7
3225.89
3217.82
3206.33
3231.66
3210.12
3229.87
3226.57
3215.43
3219.88
3223.29
3224.7
3223.07
3236.1
3239.99
3230.95
3235.87
3225.36
