1706.03
1707.03
1711.6
1717.16
1712.8
1719.36
1710.71
1720.58
1720.02
1710.1
1721.94
1721.32
1714.02
1720.88
1722.51
1718.38
1709.61
1715.75
1712.23
2314.63
2140.15
2130.23
2187.91
1803.6
1745.43
1838.42
1820.96
1825.23
1744.09
1722.54
1721.27
1720.76
1735.87
1713.95
1728.67
1723.22
1719.39
1717.18
1725.68
1722.37
1717.48
1710
1714.43
1729.26
1728.85
1726.79
1724.86
1732.82
1724.77
1716.78
1716.31
1720.21
1717.14
1736.71
1713.89
1726.98
1728.21
1718.2
1722.96
1737.78
1728.96
1723.01
1715.21
1715.24
1710.36
1719.15
1714.18
1724.28
1710.33
1711.44
1739.54
1715.41
1731.97
1709.32
1726.55
1725.02
1720.62
1723.93
1731.62
1718.52
1721.62
1730.16
1722.43
1732.31
1731.07
1716.8
1731.13
1728.76
1729.82
1722.32
1719.65
1726.07
1715.97
1716.51
1737.91
1724.7
1731.7
1711.63
1723.83
1726.77
1733.28
1720.84
1719.13
1718.13
1708.27
1716.19
1714.65
1723.94
1718.6
1725.05
1710.47
1731.75
1730.15
1738.72
1725.19
1712.83
1711.51
1719.07
1719.69
1712.49
1714.8
1708.8
1715.6
1716.41
1716.81
1725.74
1726.62
1716.43
1734.24
1720.44
1714.52
1717.32
1711.33
1739.57
1727.77
1713.53
1719.6
1717.29
1725.88
1718.84
1709.95
1712.37
1740.01
1719.92
1727.9
1722.92
1724.32
1729.97
1727.48
1720.48
1719.51
1726.65
1726.91
1729.09
1716.62
1710.77
1731.94
1729.05
1723.67
1729.65
1725.1
1720.42
1733.7
1717.21
1717.25
1737.7
1713.98
1712.18
1716.91
1732.43
1715.91
1711.2
1733.83
1706.65
1711.72
1726.84
1712.84
1712.93
1723.34
1723.48
1714.89
1722.86
1716.87
1721.92
1713.93
1719.48
1714.82
1716.26
1728.78
1741.49
1733.1
1722.67
1719.55
1716.41
1714.11
1726.84
1728.36
1717.74
1723.71
1710.75
1721.41
1738.17
1725.41
1735.94
1718.48
1727.8
1718.89
1729.67
1724.05
1726.35
1734.47
1726.21
1718.36
1728.06
1734.16
1716.02
1711.6
1715.76
1734.46
1717.07
1716.51
1717.75
1706.9
1710.32
1720.48
1720.27
1730.2
1723.12
1726.46
1731.73
1721.71
1724.51
1735.29
1734.65
1731.12
1713.08
1710.53
1715.04
1733.86
1716.01
1718.33
1716.45
1713.86
1712.13
1712.46
1721.06
1733.27
1718.47
1713.64
1710.3
1714.75
1713.4
1733.34
1711.66
1707.69
1724.56
1707.92
1720.78
1712.69
1738.47
1714.47
1718.27
1712.09
1719.19
1723.74
1722.59
1723.75
1715.06
1714.14
1713.48
1729.86
1711.43
1727.19
1722.04
1722.48
1709.16
1716.49
1742.97
1726.89
1739.47
1723.49
1713.03
1729.03
1729.59
1726.08
1705.95
1728.78
1731.49
1726.39
1720.69
1713.31
1726.71
1737.93
1742.94
1717.99
1723.78
1724.54
1721.58
1727.15
1720.93
1727.56
1732.85
1722.12
1731.09
1724.41
1724.15
1726.72
1711.96
1734.46
1713.21
1732.87
1711.68
1722.43
1713.63
1716.47
1717.05
1717.03
1717.3
1728.04
1730.81
1708.2
1729.4
1729.59
1734.55
1734.34
1711.93
1717.53
1711.65
1738.11
1716.92
1716.68
1722.18
1722.76
1727.54
1725.1
1722.67
1715.71
1728.72
1734.28
1725.15
1734.28
1723
1712.43
1712.97
1717.5
1734.49
1724.82
1717.73
1723.8
1721.03
1728.55
1727.95
1727.86
1734.73
1721.83
1732.33
1713.82
1713.63
1715.46
1723.67
1720.96
1728.45
1709.38
1714.22
1714.91
1713.56
1715.99
1719.68
1737.38
1720.55
1716.92
1724.72
1720.59
1736.38
1729.55
1717.11
1715.26
1712.95
1732.73
1719.67
1718.79
1719.5
1712.31
1732.7
1730.89
1714.13
1714.44
1722.13
1720.19
1718.69
1726.01
1717.85
1725.35
1727.86
1716.8
1716.96
1708.59
1724.49
1729.98
1708.97
1710.53
1726.13
1724.38
1726.53
1732.27
1731.24
1726.06
1735.22
1720.96
1721.88
1725.57
1737.18
1728.42
1722.26
1733.98
1720.47
1730.6
1729.45
1710.83
1725.27
1719.83
1733.93
1721.21
1710.47
1708.02
1722.35
1719.79
1722.64
1721.45
1719.12
1717.3
1713.17
1710.28
1724.73
1733.43
1715.49
1722.37
1732.31
1720.09
1735.19
1717.72
1718.2
1719.41
1714.15
1722.62
1722.48
1725.68
1726.01
1728.08
1726.82
1717.87
1730.53
1725
1714.29
1710.98
1719.27
1724.02
1714.1
1717.04
1719.13
1722.59
1716.27
1728.46
1737.08
1722.8
1734.97
1717.16
1728.98
1723.72
1735.29
1718.12
1721.68
1745.27
1727.83
1724.87
1752.26
1734.95
1742.64
1739.91
1717.86
1714.54
1725.45
1720.33
1726.91
1717.66
1711.85
1715.52
1730.55
1733.74
1726.88
1737.54
1720.87
1723.33
1726.91
1729.71
1717.58
1739.27
1730.16
1723.06
1728.55
