1828.31
1819.35
1822.74
1832.75
1831.18
1836.57
1823.32
1825.2
1823.65
1829.29
1836.2
1829.51
1842.99
1834.2
1824.99
1828.27
1824.48
1838.21
1816.61
1847.32
2275.06
2249.5
2264.15
2308.36
1833.54
1862.1
1925.37
1917.34
1954.66
1852.45
1829.82
1843.86
1846.38
1831.18
1845.12
1843.27
1847.05
1831.98
1841.47
1814.72
1814.04
1831.04
1822.42
1831.16
1830.16
1848.95
1843.19
1841.68
1828.42
1837.54
1824.48
1819.05
1846.46
1829.2
1825.98
1849.9
1829.71
1819.68
1829.67
1815.01
1832.51
1835.14
1826.79
1839.61
1817.75
1833.71
1815.99
1831.14
1834.3
1841.99
1825.38
1837.72
1826.87
1829.18
1824.05
1834.26
1845.48
1823.52
1841.01
1828.65
1832.48
1850.91
1825.74
1844.82
1829.96
1860.99
1833.3
1840.5
1842.04
1841.19
1826.84
1834.1
1839.19
1845.06
1832.96
1838.55
1840.07
1824.33
1844.8
1832.24
1826.95
1838.3
1818.1
1828.15
1836.16
1826.58
1826.69
1837.51
1824.26
1821.75
1824.37
1838.29
1843.25
1837.58
1832.95
1838.43
1843.55
1826.27
1832.64
1833.19
1832.27
1819.58
1833.14
1823.17
1825.65
1843.57
1837.01
1849.81
1834.05
1852.8
1822.51
1822.72
1817.68
1837.23
1840.4
1836.73
1829.33
1837.59
1847.24
1833.74
1832.27
1830.55
1839.46
1827.33
1834.89
1853.56
1829.52
1824.78
1851.53
1840.5
1823.99
1836.97
1830.05
1830.17
1831.44
1826.51
1842.8
1834.74
1845.6
1834.04
1837.88
1842.03
1854.68
1841.33
1848.77
1854.63
1834.15
1819.27
1819.67
1820.23
1833.72
1828.15
1823.42
1828.6
1823.52
1829.71
1822.05
1838.89
1845.63
1832.42
1840.78
1834.34
1828.34
1830.89
1822.54
1838.79
1830.13
1843.25
1841.97
1848.75
1846.7
1823.92
1827.66
1824.13
1834.66
1826.13
1827.38
1832.31
1828.46
1842.55
1830.54
1832.62
1826.62
1829.75
1848.77
1831.71
1835.98
1858.46
1846.04
1840.69
1834.23
1839.64
1850.44
1825.26
1827.39
1828.77
1840
1823.29
1823.53
1843.16
1829.18
1824.96
1829.38
1821.96
1823.38
1836.47
1850.23
1839.7
1835.35
1836.49
1829.37
1833.82
1824.25
1832.31
1837.16
1825.8
1823.94
1838.27
1839.81
1847.46
1826.55
1821.18
1824.95
1831.73
1832.9
1829.55
1836.14
1823.68
1851.07
1828.74
1834.42
1845.09
1839.9
1855.68
1837.53
1829.92
1832.72
1848.39
1829.34
1831.57
1854.79
1833.5
1830.87
1823.64
1847.7
1835.24
1825.96
1829.31
1835.1
1823.21
1832.7
1865.34
1818.97
1833.6
1843.29
1831.55
1836.76
1846.05
1846.16
1840.88
1831.65
1836.4
1837.67
1841.81
1834.94
1833.77
1825.28
1830.92
1838.53
1850.89
1834.24
1828.48
1824.87
1820.21
1827.04
1824.22
1833.09
1857.22
1831.28
1855.28
1841.34
1857.95
1839.5
1848.92
1837.82
1838.19
1835.96
1833.81
1841.99
1831.84
1831.49
1836.02
1832.27
1846.34
1830.39
1828.7
1825.89
1842.26
1840.22
1829.44
1824.5
1826.31
1836.91
1831.01
1842.52
1830.52
1832.89
1830.35
1830.49
1853.42
1829.02
1840.7
1837.6
1832.44
1836.17
1824.85
1835.39
1854.91
1834.32
1833.94
1823.17
1835.51
1831.92
1843.5
1825.16
1836.48
1847.09
1817.31
1828.83
1838.6
1850.7
1840.47
1827.65
1840.71
1839.51
1851.94
1854.88
1841.16
1827.92
1834.09
1829.19
1829.68
1839.15
1822.1
1840.92
1835.16
1826.39
1831.57
1842.94
1828.07
1834.2
1850.94
1839.06
1831.92
1835.58
1849.57
1827.36
1822.45
1834.03
1836.5
1833.48
1842.34
1834.58
1828.32
1826.41
1843.87
1840.17
1819.33
1832.63
1841.82
1850.75
1831.97
1832.37
1843.39
1840.62
1832.41
1830.21
1836.1
1835.2
1827.46
1838.19
1826.25
1834.54
1832.92
1852.71
1827.68
1837.83
1849.22
1838.49
1839.8
1837.48
1834.54
1833.4
1830.61
1832.02
1839.52
1832.89
1838.53
1846.67
1838.44
1885.37
1837.42
1836.2
1822.07
1827.65
1855.7
1820.02
1834
1830.35
1849.21
1828.38
1819.07
1825.29
1820.23
1831.06
1846.15
1826.04
1832.3
1833
1834.04
1861.55
1827.47
1832.55
1827.99
1827.63
1833.36
1837.57
1847.46
1840.13
1835.31
1827.72
1838.7
1833.05
1831.65
1842.22
1835.11
1846.99
1836.39
1832.07
1838
1837.43
1831.07
1833.03
1831.16
1828.71
1831.22
1836.32
1854.28
1841.11
1841.55
1840.79
1824.27
1838.36
1838.38
1836.21
1837.77
1818.8
1829.03
1843.26
1823.63
1845.83
1850.03
1853.05
1839.65
1825.11
1829.59
1834.98
1841.39
1836.53
1835.83
1827.81
1825.3
1837.83
1853.6
1843.23
1823.5
1836.03
1846.93
1838.01
1845.04
