3207.42
3207.93
3199.36
3200.01
3216.88
3215.12
3191.97
3193.48
3212.47
3204.67
3213.17
3214.37
3236.82
3203.89
3214.35
3204.05
3211.56
3198.98
3207.95
3204.17
4129.68
4022.18
4053.2
4257.8
3235
3331.22
3410.5
3412.94
3266.01
3250.26
3212.73
3222.49
3227.9
3229.93
3228.71
3225.27
3227.16
3227.45
3222.96
3196.74
3238.82
3212.67
3215.92
3220.28
3216.36
3207.89
3227.07
3233.49
3220.03
3220.5
3201.44
3225.56
3221.21
3215.32
3196.18
3225.37
3217.46
3218.31
3224.38
3209.55
3218.98
3217.03
3215.5
3211.34
3215.17
3210.15
3203.44
3218.58
3203.32
3237.6
3232.28
3239.83
3230.11
3207.5
3220.19
3226
3219.89
3213.73
3220.4
3220.04
3223.51
3215.39
3215.88
3218.81
3225.8
3224.05
3218.29
3221.69
3246.73
3216.42
3225.51
3206.88
3205.46
3207.98
3230.61
3219.64
3220.86
3207.94
3233.81
3228.28
3201.56
3221.77
3226.18
3222.89
3216.61
3208.32
3218.26
3215.86
3205.23
3215.34
3217.51
3233.19
3225.51
3229.41
3222.05
3231.99
3213.55
3198.28
3204.59
3207.53
3214.48
3210.25
3199.08
3216.77
3210.5
3208.14
3206.12
3203.44
3201.4
3236.16
3215.57
3199.45
3206.06
3235.87
3228.55
3212.54
3226.16
3223.47
3217.33
3229.88
3207.29
3214.22
3214.86
3200.62
3228.72
3227.99
3204.7
3215.05
3220.26
3216.5
3209.94
3225.83
3201.16
3191.94
3195.09
3201.02
3208.23
3222.33
3213.05
3213.87
3228.87
3222
3231.47
3231.83
3253.43
3227.94
3219.64
3212.73
3204.34
3213.25
3203.37
3195.23
3204.07
3205.13
3206.94
3200.15
3196.38
3208.36
3210.62
3216.12
3224.27
3216.12
3213.66
3205.58
3201.35
3228.61
3213.87
3214.69
3216.03
3216.54
3223.5
3209.31
3203.31
3210.01
3209.88
3203.44
3237.67
3236.38
3226.07
3196.91
3225.67
3218.36
3220.06
3209.98
3220.63
3244.32
3248.94
3231.28
3217.5
3231.14
3212.12
3235
3232.92
3200.43
3207.53
3215.56
3237.02
3217.39
3201.78
3215.83
3208.37
3200.92
3209.79
3254.9
3200.97
3209.37
3226.22
3215.42
3209.13
3225.25
3225.72
3222.58
3222.92
3219.14
3221.21
3208.15
3203.84
3210.79
3210.77
3218.86
3212.39
3196.79
3213.95
3207.13
3214.78
3216.8
3224.41
3209.55
3237.04
3202.79
3199.2
3211.18
3225.02
3220.21
3204.86
3228.64
3205.59
3208.45
3204.47
3216.48
3216.03
3234.59
3203.3
3218.94
3237.15
3218.77
3228.16
3217.04
3218.08
3219.37
3220.59
3272.44
3210.28
3214.52
3220.98
3194.14
3217.18
3235.49
3219.92
3242.74
3217.57
3200.18
3219.94
3228.16
3231.37
3217.46
3207.92
3205.46
3214.33
3229.81
3199.28
3212.71
3194.61
3210.09
3212.39
3230.7
3216.78
3229.96
3242.31
3235.98
3237.79
3221.68
3217.09
3230.4
3238.52
3232.46
3227.75
3225.78
3202.15
3202.21
3209.05
3211.82
3218.88
3231.08
3214.17
3204.94
3209.72
3208.18
3271.44
3223.18
3199.8
3209.69
3216.36
3210.89
3220.62
3206.4
3203.78
3214.67
3222.38
3229.78
3210.16
3211.03
3208.98
3229.52
3218.13
3203.73
3228.87
3214.93
3205.27
3237.5
3226.85
3242.14
3213.57
3225.71
3267.44
3217.24
3228.8
3217.64
3209.06
3230.62
3248.17
3227.29
3250.38
3221.24
3197.08
3224.77
3217.04
3220.2
3202.95
3199.86
3225.08
3208.9
3208.06
3230.68
3221.87
3211
3219.09
3223.66
3235.18
3220.11
3235.75
3229.93
3228.87
3245.27
3234.79
3206.55
3211.95
3225
3223.88
3228.61
3204.16
3218.57
3203.36
3204.84
3227.31
3217.04
3209.39
3220.46
3214.49
3216.75
3212.37
3218.02
3226.25
3216.85
3212.66
3205.87
3206.66
3229.96
3227.55
3207.52
3207.88
3225.66
3233.19
3243.11
3228.68
3201.54
3227.31
3220.73
3237.63
3221.81
3217.81
3230.48
3225.07
3236.45
3213.54
3202.05
3208.79
3212.34
3216.32
3201.54
3229.12
3236.05
3227.79
3209.82
3222.16
3224.19
3207.08
3213.5
3206.46
3221.44
3198.31
3210.59
3204.23
3201.13
3221.97
3212.62
3207.79
3209.36
3206.64
3232.83
3227.44
3208.24
3228.55
3215.64
3232.03
3225.94
3233.12
3222.66
3226.75
3229.68
3215.22
3221.8
3229.22
3219.29
3226.07
3220.13
3223.34
3209.34
3207.53
3212.14
3210.51
3207.32
3210.43
3232.1
3213.05
3216.67
3225.93
3230.59
3222.15
3215.28
3217.13
3210.13
3240.03
3233.89
3228.08
3205.12
3216.25
3230.45
3227.94
3223.18
3222.19
3229.83
3228.63
3210.76
3234.81
3218.75
3215.82
3224.17
3229.13
3231.49
3208.82
3219.46
3230.37
3231.34
3246
3232.58
3235.37
3226.38
3222.96
3236.51
