4058.04
4003.85
3998.61
4018.42
4002.52
4010.72
4010.23
3996.77
4002.55
3998.9
4000.25
4032.74
4040.2
4030.37
3998.73
3986.54
4002.91
4026.95
4001.38
4143.9
5175.51
4986.34
4977.59
5119.24
4060.04
4091.9
4322.52
4275.47
4191
4069.9
4012.79
4036.26
4062.55
4032.45
4035.23
4024.97
4018.89
4021.02
4014.5
4022.2
4018.48
4005.8
4025
4016.18
4025.57
4036.03
4023.92
4030.17
4035.94
4050.47
4020.88
4040.47
4028.37
4025.47
4031.43
4006.46
4035.51
4038.76
4037.44
4014.06
4060.63
4048.59
4032.02
4019.31
4033.35
4014.99
4070.09
4011.47
4043.98
4019.7
4053.86
4011.89
4053
4031.88
4048.05
4030.45
4061.47
4037.74
4029.06
4045.55
4021.99
4037.05
4044.66
4034.25
4034.17
4050.12
4049.73
4047.55
4013.85
4045.03
4003.43
4060.76
4040.16
4013.64
4035.97
4056.09
4031.42
4033.02
4002.08
4037.83
4014.92
4012.74
4018.82
4020.28
4028.02
4029.37
4012.7
4006.81
4041.63
4008.88
4018.79
4024.72
4051.12
4012.52
4011.31
4021.1
4031.6
4039.18
4042.79
4018.55
4000.24
4027.11
4024.81
4038.53
3999.79
4013.52
4014.68
4007.07
4012.55
4003.45
4029.03
4054.6
4007.83
3996.76
4042.6
4017.2
4023.88
4028.65
4024.5
4039.02
4037.64
4008.55
4010.88
4064.05
4027.99
4032.34
4012.4
4024.44
4015.03
4014.53
4021.71
4071.44
4050.89
3995.26
4004.64
4005.26
4009.89
4040.45
4036.14
4031.02
4039.8
4037.15
4052.79
4049.76
4038.98
4027.89
4022.2
4009.85
4005.47
4007.45
4019
3997.77
3997.01
4014.61
4014.3
4012.38
4008.57
4012.13
4024.23
4036.25
4048.64
4022
4014.18
4015.97
4025.81
4039.09
4029.15
4031.81
4058.19
4049.71
4036.66
4033.6
4009.93
4008.23
4020.14
4008.54
4020.08
4033.97
4057.09
4021.71
4026.49
4049.23
4024.91
4019.53
4031.66
4072.76
4033.76
4028.18
4043.9
4047.94
4054.65
4042.74
4018.54
4014.1
4029.8
4025.49
4029.41
4028.65
4017.55
4026.54
4035.2
4017.08
4009.34
3995.34
4021.57
4046.18
4051.64
4033.58
4044.65
4037.2
4016.45
4039.53
4024.43
4024.95
4083.11
4027.06
3997.61
4004.24
4018.5
4010.8
4027.9
4003.15
4018.28
4000.58
4008.28
4002.36
4021.97
4069.51
3992.9
4028.45
4000.29
4010.63
4017.21
4044.33
4023.3
4012.91
4020.86
4011.54
4009.71
3996.42
4036.87
4026.17
3999.29
4001.94
4044.03
4057.58
4036.52
4009.49
4063.41
4052.32
4028.49
4108.62
4013.3
4000.42
4031.02
4008.58
4013.93
4041.22
4115.25
4038.91
4040.13
4036.23
4006.1
4027.42
4038.57
4021.62
4036.55
4027.3
4025.74
4039.55
4029.42
4001.61
4052.6
4000.44
4020.62
4035.27
4050.38
4034.82
4038.1
4039.36
4039.18
4028.51
4003.08
4094.33
4042.27
4031.72
4031.05
3993.01
4027.61
4009.87
4038.63
4043.02
4029.69
4017.44
4003.04
4012.45
4007.45
4025.92
4035.87
4024.88
4018.95
4007.79
4032.1
4037.35
4028.83
4033.93
4000.03
4011.66
4009.29
4009.09
4014.66
3999.94
4006.75
4006.48
4037.14
4012.69
4007.61
4038.4
4075.5
4025.87
4058.22
4037.52
4005.41
3999.25
4017.98
3987.63
4039.05
4019.68
4056.08
4039.35
4024.18
4053
4080.23
4040.58
4022.32
4019.94
4042.97
4049.55
4049.78
4003.64
4001.39
3998.12
4014.39
4004.24
4017.66
4015
4054.05
4013.37
4017.18
4024.94
4029.77
4072.85
4053.38
4029.03
4032
4027.76
3985.13
4029.15
4021.77
4030.57
4054.82
4017.84
4006.15
3988.39
4017
4007.79
4027.87
4007.05
4001.64
4019.1
4040.66
4040.19
4005.54
4034.37
4004.3
4012.02
4023.63
3999.32
4015.37
4043.64
4028.25
4040.55
4076.6
4041.21
4043.46
4037.04
4010.09
4041.39
4023.31
3995.04
4012.93
4029.68
4032.84
4030.82
3997.98
4003.25
4001.24
4016.31
4021.9
4007.77
4009.45
4034.56
4032.93
4022.35
4015.2
4009.63
4024.91
4031.53
4004.37
4009.52
4011.94
4003.38
4012.93
4017.03
4013.44
4028.23
4007.12
4000.24
4001.44
4065.13
4026.84
4031.28
3998.23
4021.19
3995.19
4011.87
4027.63
4043.89
4016.27
4055
4021.55
4023.55
4049.01
4026.24
4020.02
4011.05
4023.18
4012.95
4007.53
4015.68
4013.78
3988.78
4008.53
4015.54
4045.71
4024.74
3995.9
4026.01
4039.76
4018.86
4022.51
4016.33
4018.22
4035.58
4021.09
4036.19
4007.4
4014.76
4046.66
4052.58
4024.49
4024.41
4064.72
4022.74
4021.01
4010.86
4020.27
4003.56
4020.52
4045.98
4038.83
4007.91
4036.61
4052.29
4054.8
4048.91
4042.55
4063.73
4044.94
4037.02
