781.248
781.559
779.893
781.309
781.256
781.236
781.378
779.073
779.886
780.722
783.446
779.575
780.776
780.326
779.403
781.324
781.246
779.677
783.323
986.169
971.968
976.36
993.117
980.037
791.34
799.557
803.84
811.973
787.973
788.821
781.264
782.671
780.951
782.755
782.282
781.391
780.979
781.469
782.831
781.169
784.236
780.738
791.472
780.73
781.348
781.784
781.558
782.606
780.567
781.902
780.34
782.87
785.06
781.997
779.405
782.8
781.294
781.648
781.76
795.421
782.281
781.613
790.823
781.961
781.88
783.261
779.515
782.239
779.756
781.106
787.83
780.475
782.329
784.96
780.355
787.043
783.083
780.281
781.938
782.761
781.597
782.889
781.21
780.344
784.449
784.227
781.949
783.997
781.052
781.288
781.363
782.105
780.479
782.071
780.954
782.982
781.322
781.764
780.855
781.43
785.199
780.223
779.972
781.242
806.983
781.572
780.353
779.39
780.405
782.099
782.42
785.17
781.164
782.42
781.909
782.513
783.81
784.511
783.595
787.428
779.931
781.517
782.988
782.012
782.372
781.532
784.868
780.279
782.413
782.171
782.177
780.833
780.628
783.32
781.159
780.635
779.57
780.755
784.208
782.123
780.167
779.638
781.85
781.06
782.799
781.497
783.139
781.751
780.652
780.707
781.124
784.973
781.879
780.355
780.861
780.756
789.404
781.398
781.159
782.478
782.361
782.802
786.341
781.886
784.099
781.436
781.358
782.089
786.387
781.339
780.727
780.899
782.787
780.507
780.853
779.847
780.306
781.1
780.179
780.991
780.755
781.213
783.692
780.102
782.487
780.502
781.925
782.735
782.312
783.88
782
780.651
779.52
780.702
782.124
781.915
780.825
780.766
781.596
781.207
782.552
784.159
781.711
780.558
780.952
785.371
784.567
787.855
782.769
782.071
780.334
782.671
782.52
781.518
780.878
779.251
781.987
780.239
782.2
784.854
780.94
781.362
779.2
780.789
780.919
780.505
781.793
783.453
780.832
783.524
781.99
781.801
784.216
782.651
781.428
779.969
782.31
783.105
779.969
782.341
780.641
780.758
783.882
781.731
780.516
779.9
781
796.319
778.983
782.218
782.117
781.127
781.683
784.069
781.367
780.638
779.865
781.345
779.72
780.877
784.058
780.459
781.069
781.091
781.075
783.482
782.567
780.697
780.76
782.92
832.689
801.876
780.387
781.804
782.785
780.42
783.683
783.52
782.835
783.735
782.431
781.064
782.438
781.171
783.926
781.541
782.187
781.557
781.683
780.726
780.362
781.65
779.894
781.579
782.464
781.494
783.695
780.543
784.227
784.728
781.084
783.145
781.313
782.488
781.569
782.869
783.35
781.726
779.718
781.082
781.772
785.132
780.946
782.927
782.757
780.453
781.943
785.322
782.331
780.821
784.293
781.705
782.015
783.784
784.253
782.876
780.885
781.489
779.683
781.104
785.07
781.042
785.873
781.731
781.339
780.217
782.88
782.15
782.483
782.163
781.211
782.764
782.042
782.342
780.786
782.445
799.65
781.159
783.615
785.083
782.009
782.678
789.269
783.434
784.313
781.978
781.473
782.141
781.165
782.168
783.815
780.172
780.503
785.836
780.123
783.724
780.739
782.266
784.56
788.594
782.538
782.909
783.346
783.319
782.829
781.989
782.754
779.63
780.571
781.625
780.166
781.937
786.12
780.907
780.944
781.312
781.98
781.127
781.227
782.8
782.432
781.189
782.681
781.61
783.189
784.393
781.219
782.525
783.777
780.761
782.332
781.903
785.385
782.88
781.503
783.03
781.368
781.124
787.281
781.071
782.376
780.826
783.386
783.09
783.488
781.94
780.499
785.227
781.159
782.74
782.737
790.575
781.612
780.558
780.652
781.411
780.891
782.655
781.136
785.094
780.052
780.221
781.149
782.962
780.966
783.757
780.529
782.729
781.139
783.702
781.066
785.846
783.384
782.134
784.385
782.787
783.169
784.434
781.352
783.858
795.562
782.579
781.778
782.534
787.832
782.399
783.051
781.378
784.652
781.097
782.357
783.249
782.77
783.945
782.024
781.764
782.717
782.609
783.604
781.514
782.606
785.119
783.927
782.798
785.517
782.936
782.772
782.263
783.296
782.151
783.998
782.944
785.674
786.095
779.952
784.887
781.792
786.986
784.016
782.23
783.129
782.806
783.714
782.806
784.371
784.152
781.986
784.617
783.184
784.656
