1608.61
1602.17
1603.87
1601.35
1603.31
1609.46
1606.93
1598.69
1601.35
1604.94
1603.99
1603.74
1611.78
1602.7
1609.01
1604.04
1602.66
1604.8
1654.9
2178.22
2032.33
1972.69
2028.71
2003.99
1640.18
1691.97
1758.52
1615.57
1615.95
1656.47
1612.24
1610.03
1608.35
1609.25
1613.38
1610.15
1607.7
1610.25
1606.87
1605.49
1610.55
1605.47
1612.05
1608.51
1614.11
1608.84
1605.8
1606.18
1609.6
1609.79
1605.83
1606.59
1604.46
1610.06
1603.07
1607.79
1607.17
1611.77
1612.95
1601.48
1609.11
1611.83
1602
1636.09
1605.85
1625.1
1611.4
1611.49
1604.23
1614.92
1609.48
1605.39
1612.03
1620.98
1618.42
1610.84
1608.36
1608.89
1611.1
1610.18
1607.35
1610.9
1609.04
1605.93
1612.37
1612.06
1617.24
1604.86
1618.04
1605.01
1609.29
1608.46
1608.03
1609.1
1612.1
1611.71
1612.88
1607.96
1615.17
1608.26
1599.94
1610.22
1606.28
1607.84
1612.2
1601.1
1606.2
1611.1
1605.53
1601.32
1603.37
1617.06
1608.14
1613.33
1611.52
1608.71
1609.22
1608.73
1604.18
1600.97
1606.84
1610.04
1609.88
1601.25
1602.96
1600.57
1604.72
1600.95
1605.58
1611.15
1612.27
1603.01
1606.48
1606.72
1609.22
1603.58
1604.29
1615.67
1607.17
1605.5
1603.86
1603.03
1613.47
1621.86
1612.7
1615.27
1605.3
1604.61
1609.43
1603.11
1614.73
1607.92
1612.69
1606.08
1606.29
1605.56
1607.23
1607.29
1613.14
1611.8
1617.09
1614.59
1613.94
1608.67
1604.67
1608.35
1603.1
1602.99
1599.84
1598.13
1599.52
1604.89
1601.7
1613.01
1622.44
1607.2
1603.29
1601.36
1605.88
1610.91
1609.17
1599.09
1605.82
1606.77
1605.1
1605.42
1607.41
1607.15
1610.6
1608.69
1605.28
1605
1608.89
1613.02
1599.83
1606.25
1608.22
1608.21
1606.64
1603.77
1603.17
1612.39
1604.73
1607.54
1611.87
1611.9
1610.14
1612.54
1612.77
1604.64
1612
1610.78
1605.68
1606.71
1625.92
1602.24
1634.47
1609.37
1602.1
1602.52
1605.78
1601.91
1610.2
1605.68
1606.7
1608.46
1610.83
1605.83
1606.34
1610.67
1602.55
1610.49
1604.2
1608.87
1615.23
1609.54
1604.34
1604.17
1607.76
1607.77
1610.8
1607.56
1605.36
1606.65
1608.82
1615.57
1610.28
1603.43
1604.53
1604.94
1606.71
1608.31
1605.65
1604.56
1610.75
1613.06
1610.46
1608.43
1606.6
1607.4
1610.59
1609.69
1604.86
1606.31
1612
1610.41
1605.25
1608.89
1605.38
1606.3
1778.47
1645.91
1614.19
1610.78
1606.43
1603.95
1608.84
1610.05
1612.99
1611.64
1618.79
1602.37
1599.7
1602.99
1609.75
1607.95
1609.61
1606.01
1605.54
1603.77
1606.3
1608.23
1604.83
1612.96
1607.54
1610.01
1607.15
1609.21
1615.32
1608.91
1611.77
1606.98
1608.57
1607.1
1616.79
1611.68
1609.41
1602.58
1608.63
1605.03
1606.6
1608.9
1607.59
1609.6
1607.4
1603.44
1603.5
1602.02
1608.09
1607.02
1607.45
1604.34
1607.04
1609.19
1611.87
1617.48
1608.65
1606.23
1602.51
1613.65
1603.29
1608.9
1607.71
1613.67
1613.31
1603.89
1612.78
1616.03
1607.06
1612.06
1605.58
1608.48
1605.03
1604.49
1606.4
1613.08
1605.37
1606.73
1604.39
1616.92
1616.61
1603.17
1615.02
1617.31
1605.76
1614.78
1606.12
1613.68
1607.49
1606.22
1613.11
1609.46
1604.05
1619.08
1610.15
1607.39
1610.62
1604.23
1614.04
1622.52
1607.92
1608.51
1619.55
1615.08
1611.45
1605.71
1604.26
1603.96
1606.34
1607.65
1608.91
1601.41
1607.69
1609.92
1603.76
1605.19
1607.29
1607.44
1605.21
1606.25
1613.52
1606.66
1605.36
1614.83
1606.15
1606.61
1601.55
1611.86
1606.65
1607.98
1609.87
1609.17
1607.03
1612.14
1608.91
1607.77
1610.66
1609.63
1603.54
1602.69
1611.53
1612.22
1608.95
1608.98
1609.11
1608.34
1604.88
1609.68
1603.62
1610.95
1612.66
1619.57
1679.67
1608.88
1603.96
1613.59
1605.28
1608.51
1606.25
1605.65
1610.34
1605.88
1605.65
1601.99
1604.37
1608.4
1606.2
1652.16
1614.2
1614.3
1618.05
1607.35
1608.38
1613.45
1611.13
1609.11
1612.24
1620.69
1612.4
1611.28
1608.57
1614.47
1614.56
1616.5
1608.43
1603.68
1617.25
1604.42
1608.6
1614.43
1604.32
1603.36
1608.68
1612.69
1609.37
1606.88
1613.43
1616.66
1607.87
1603.65
1609.97
1611.01
1618.24
1619.4
1614.38
1613.26
1600.9
1609.91
1615.61
1609.99
1609.48
1613.8
1615.33
1612.35
1623.78
1609.91
1604.27
1610.67
1615.52
1616.47
1613.23
1606.91
1611.01
1611.39
1615.48
1615.07
1615.67
1607.48
1615.1
1607.83
