3071.35
3067.35
3070.79
3073.84
3072.72
3084.25
3074.83
3070.66
3069.49
3072.35
3071.22
3083.11
3085.48
3085.69
3070.44
3074.39
3073.6
3075.37
3078.27
4128.53
3839.27
3834.73
3910.91
3935.43
3118.38
3246.82
3303.98
3247.07
3114.8
3113.73
3084.23
3076.39
3084.08
3076.45
3081.16
3076.11
3088.24
3082.32
3086.2
3066.03
3086.28
3075.42
3119.76
3078.5
3082.93
3085.7
3082.27
3081.49
3083.89
3077.16
3077.64
3079.41
3077.61
3092.3
3069.98
3079
3084.51
3095.62
3114.98
3080.81
3078.69
3077.21
3073.49
3080.7
3064.29
3082.93
3075.37
3082.97
3101.81
3077.3
3105.46
3078.64
3082.23
3088.88
3071.78
3072.38
3083.74
3081.3
3086.24
3092
3076.29
3086.87
3073.62
3082.32
3088.51
3075.41
3084.17
3080.96
3077.95
3077.01
3073.96
3079.19
3073.5
3077.41
3075.69
3088.5
3080.26
3071.81
3083.44
3081.28
3070.17
3078.88
3075.68
3073.78
3096.09
3075.12
3074.67
3076.84
3069.99
3067.95
3068.99
3092.03
3073.75
3082.77
3087.48
3078.2
3093.31
3100.79
3072.54
3073.66
3069.04
3065.74
3081.57
3068.66
3093.67
3074.56
3074.71
3086.04
3065.54
3081.69
3081.89
3075.47
3070.89
3081.34
3080.56
3076.45
3070.42
3077.37
3082.33
3080.23
3071.81
3075.73
3081.43
3079.3
3082.03
3080.07
3079.19
3075.08
3081.98
3072.52
3108.64
3084.6
3079.41
3070.51
3070.66
3071.69
3156.69
3120.2
3085.07
3082.23
3092.35
3077.09
3103.83
3081.08
3084.14
3093.5
3072.97
3067.7
3073.29
3070.44
3069.4
3066.02
3072.49
3065.56
3073.47
3075.39
3071.33
3072.22
3075.4
3077.71
3078.22
3065.71
3068.34
3072.83
3067.83
3078.01
3080.44
3082.19
3071.68
3088.24
3089.15
3077.5
3074.86
3076.77
3070.68
3069.75
3082.16
3079.36
3080.96
3073.04
3073.26
3082.05
3073.57
3079.29
3084.56
3079.84
3100.1
3094.25
3080.19
3086.33
3081
3087.12
3082.87
3061.55
3079.48
3068.8
3106.02
3078.77
3073.31
3083.69
3068.28
3078.05
3083.92
3074.98
3076.29
3091.37
3079.91
3069.15
3089.75
3070.64
3078.54
3082.14
3081.81
3093.4
3080.69
3071.66
3074.61
3069.05
3077.47
3087.24
3073.03
3076.18
3066.09
3078.16
3074.35
3087.07
3079.66
3108.97
3075.91
3069.36
3069.96
3079.54
3082.52
3084.19
3073.39
3078.99
3068.34
3078.21
3074.47
3083.27
3072.96
3087.37
3070.76
3084.62
3068.85
3078.82
3087.53
3070.18
3078.34
3071.9
3238.78
3155.92
3073.21
3079.5
3091.73
3072.46
3080
3079.74
3090.38
3079.35
3078.85
3078.93
3083.12
3080.95
3085.8
3070.85
3069.64
3070.25
3090.15
3089.2
3069.1
3085.51
3075.18
3073.34
3076.2
3074.02
3088.88
3091.67
3090.69
3088.24
3083.84
3072.66
3089.8
3078.8
3093.97
3081.86
3080.72
3070.64
3076.83
3072.77
3079.46
3091.32
3072.08
3080.31
3086.3
3072.34
3076.69
3073.56
3072.83
3088.1
3079.96
3079.58
3083.74
3102.08
3088.92
3066.63
3074.79
3075.88
3071.35
3077.12
3090.15
3068.63
3126.14
3091.82
3080.53
3074.83
3083.92
3086.81
3070.91
3071.95
3084.34
3087.58
3078.58
3069.78
3078.77
3087.52
3071.32
3088.21
3087.31
3085.24
3088.54
3074.7
3139.81
3075.27
3083.7
3097.54
3076.98
3077.74
3079.18
3071.5
3077.49
3076.79
3070.78
3105.08
3069.04
3084.38
3095.82
3071
3083.24
3096.19
3093.37
3089.62
3105.81
3089.27
3095.31
3077.1
3077.75
3079.09
3082.58
3088.11
3082.36
3081.54
3077.57
3070.93
3074.41
3073.06
3073.04
3084.5
3074.34
3087.63
3086.03
3065.98
3086.79
3081.25
3073.75
3087.35
3076.16
3085.06
3083.05
3074.98
3075.36
3087.51
3087.46
3089.2
3081.72
3075.59
3088.65
3082.87
3094.95
3082.83
3078.69
3092.62
3087.46
3089.53
3084.5
3071.41
3076.92
3082.95
3074.25
3077.29
3095.09
3089.81
3085.52
3073.67
3078.36
3085.87
3073.96
3081.8
3071.22
3085.71
3070.44
3070.05
3079.12
3077.15
3084.95
3131.15
3080.2
3071.89
3075.57
3084.66
3087.6
3090.66
3090.31
3081.66
3076.53
3091.2
3084.07
3087.46
3093.9
3094.47
3083.1
3084.9
3095.22
3082.18
3076.62
3078.02
3082.65
3077.47
3073.48
3088.08
3073.63
3080.03
3084.09
3086.28
3079.56
3075.8
3098.19
3094.22
3084.21
3080.47
3078.14
3078.66
3086.29
3090.88
3088.16
3080.63
3080.67
3087.22
3087.42
3075.73
3081.43
3086.38
3100.56
3073.08
3081.44
3079.34
3076.51
3076.97
3097.69
3089.03
3080.65
3084.85
3086.1
3093.36
3085.55
3106.19
3090.91
3091.66
3079.54
3085.11
