1516.29
1463.03
1472.62
1471.48
1483.05
1475.92
1472.69
1471.19
1451.69
1461.72
1474.77
1477.31
1483.43
1459.11
1471.16
1457.58
1464.33
1456.48
1553.61
1844.77
1886.91
1807.97
1874.22
1521.45
1611.01
1592.54
1545.83
1551.57
1515.47
1495.13
1482.36
1487.76
1490.47
1474.74
1487.74
1485.19
1473.94
1461.72
1496.03
1483.46
1530.4
1469.56
1486.55
1461.19
1491.49
1492.5
1481.86
1490.67
1496.23
1493.1
1459.05
1478
1478.57
1477.91
1466.4
1474.73
1470.05
1482.61
1490.55
1476.33
1476.75
1518.15
1507.31
1487.97
1462.32
1489.56
1468.66
1475.68
1469.12
1487.75
1526.71
1485.41
1468.47
1498.61
1523.2
1509.06
1508.15
1502.4
1487.53
1521.56
1488.13
1486.6
1493.8
1495.25
1465.61
1488.69
1500.66
1510.04
1505.8
1462.82
1509.63
1459.61
1476
1496.77
1502.76
1486.88
1497.81
1468.86
1467.9
1489.99
1464.88
1490.04
1476.57
1493.56
1510.85
1479.31
1464.66
1469.2
1508.06
1466.68
1477.35
1497.01
1526.89
1481.45
1507.12
1490.11
1480.88
1523.46
1474
1490.36
1471.28
1473.76
1492.41
1487.82
1496.43
1523.07
1490.41
1500.66
1479.74
1476.45
1486.67
1464.9
1477.89
1484.31
1466.45
1473.35
1478.43
1468.8
1475.27
1495.23
1461.72
1484.52
1496.92
1474.34
1511.08
1493.97
1475.26
1469.86
1479.06
1467.72
1483.92
1486.91
1496.21
1516.67
1502.59
1473.56
1498.6
1514.12
1490.85
1491.72
1472.61
1463.49
1501.26
1521.01
1496.62
1477.02
1486.53
1468.02
1516.65
1463.42
1469.28
1465.61
1462.92
1468.78
1496.41
1466.22
1487.86
1463.05
1481.49
1479.12
1486.37
1485.5
1480.75
1471.11
1485.58
1485.6
1489.59
1486.89
1490.22
1481.21
1489.52
1485.17
1480.46
1486.38
1480.74
1478.49
1504.75
1496.13
1495.73
1460.79
1476.71
1484.42
1500.41
1471.86
1492.51
1513.09
1527.49
1507.93
1483.41
1471.67
1489.22
1464.59
1499.1
1466.23
1481.22
1468
1467.43
1479.61
1479.57
1469.6
1484.87
1481.08
1465.76
1468.19
1473.79
1463.12
1494.23
1504.68
1465.03
1478.52
1475.26
1473.39
1512.86
1529.62
1518.89
1479.93
1485.88
1475.45
1470.42
1486.62
1487.13
1469.22
1489.52
1493.93
1464.93
1507.83
1499.66
1497.08
1486.94
1478.48
1487.31
1477.02
1467.64
1526.29
1501.64
1465.95
1493.76
1484.25
1485.66
1483.14
1479.14
1483.79
1464.98
1485.18
1488.72
1466.93
1473.54
1503.41
1480.85
1462.15
1566.87
1489.44
1490.59
1478.53
1498
1462.25
1490.15
1512.4
1473.09
1480.41
1481
1489.64
1471.21
1472.92
1493.07
1492.8
1469.16
1470.01
1496.75
1481.26
1476.02
1476.82
1464.49
1498.23
1498.16
1501.07
1495.35
1556.12
1527.79
1542.16
1550.88
1475.81
1493.54
1472.86
1495.09
1500.04
1493.15
1461.85
1543.25
1463.8
1484.68
1501.8
1526.74
1477.57
1496.78
1488.56
1470.83
1526.92
1485.3
1494.18
1478.42
1468.87
1485.3
1492.42
1502.27
1477.65
1485.84
1473.12
1480.45
1517.42
1485.67
1472.16
1472.81
1490.76
1482.5
1461.49
1510.58
1497.4
1464.84
1491.6
1486.54
1485.33
1479.11
1507.66
1470.11
1488.36
1499.83
1480.86
1478.9
1490.45
1501.92
1502.31
1496.9
1496.8
1483.85
1507.53
1469.63
1489.36
1482.86
1472.86
1473.97
1474.44
1472.48
1487
1488.85
1483.01
1489.54
1486.71
1512.97
1505.4
1525.86
1491.86
1498.89
1506.84
1501.11
1460.3
1471.34
1497.4
1491.7
1488.43
1479.27
1469.11
1508.67
1479.92
1480.07
1484.8
1472.57
1472.42
1472.93
1488.37
1475.71
1485.9
1513.76
1487.91
1481.1
1489.02
1471.4
1486.24
1485.1
1481.61
1487.82
1491.78
1537.58
1479.01
1507.62
1479.18
1493.3
1481
1515.2
1504.93
1481.4
1539.59
1477.76
1489.59
1472.02
1478.92
1497.21
1494.94
1470.26
1462.54
1475.97
1519.8
1523.38
1476.84
1465.52
1476.54
1475.33
1475.77
1471.79
1503.32
1488.04
1485.32
1466.94
1469.59
1473.37
1469.39
1475.07
1474.05
1465.24
1488.27
1478.52
1514.8
1476.57
1459.4
1475.7
1488.58
1497.77
1481.96
1484.43
1554.79
1505.79
1508.3
1479.3
1474.77
1502.37
1496.7
1504.52
1471.73
1474.44
1471.17
1481.11
1468.52
1465.14
1507.62
1474.55
1482.05
1487.51
1472.56
1494.25
1479.78
1469.71
1468.32
1479.83
1498
1491.77
1466.52
1468.25
1504.5
1502.73
1462.99
1465.55
1474.33
1505.49
1488.2
1479.55
1480.02
1477.13
1496.05
1505.5
1486.26
1477.2
1469.48
1472.04
1500.5
1505.03
1490.37
1488.83
1508.42
1499.28
1520.41
