1526.98
1527.72
1527.5
1527.38
1529.03
1531.55
1526.8
1529.39
1533.11
1528.5
1528.61
1529.7
1531.74
1530.11
1527.63
1532.53
1527.51
1535.96
1528.68
1554.62
1989.1
1940.95
1915.35
2027.33
1534.75
1618.73
1603.59
1645.28
1544.19
1547.02
1528.49
1529.8
1528.68
1529.94
1528.55
1527.81
1530.92
1529.15
1532.76
1526.72
1532.47
1531.13
1532.4
1530.68
1528.62
1527.77
1531.41
1530.11
1531.64
1535.2
1527.29
1530.17
1529.45
1529.68
1533.97
1526.73
1528.45
1531.68
1532.54
1531.94
1534.44
1532.53
1533.1
1529.47
1526.63
1528.32
1526.91
1530.14
1528.79
1526.48
1538.8
1530.33
1527.3
1527.59
1527.47
1540.03
1529.57
1526.68
1547.6
1533.3
1530.68
1532.02
1529.48
1532.71
1530.38
1527.06
1532.47
1531.65
1528.99
1532.02
1527.46
1529.53
1530.11
1527.71
1531.49
1529.33
1529.2
1529.45
1529.82
1530.36
1525.42
1527.78
1528.62
1529.86
1533.52
1527.4
1530.49
1535.71
1528.35
1528.22
1526.25
1541.1
1533.81
1528.82
1528.49
1532.94
1530.89
1531.95
1527.3
1530.06
1529.32
1526.9
1528.64
1527.85
1528.91
1531.14
1528.86
1530.65
1526.89
1528.53
1529.05
1528.89
1526.21
1529.41
1529.26
1530.88
1528.57
1528.95
1526.64
1530.55
1529.8
1527.5
1530.44
1531.82
1529.94
1529.2
1527.4
1529.67
1530.83
1529.84
1529.13
1529.28
1528.94
1528.24
1542.12
1527.02
1538.43
1530.13
1529.31
1529.93
1529.71
1534.45
1534.86
1537.43
1528.86
1528.88
1528.95
1531.41
1525.49
1530.12
1527.47
1527.55
1529.45
1526.26
1530.02
1529.27
1529.79
1528.35
1527.35
1529.27
1529.09
1529.55
1534.38
1527.05
1527.37
1529.82
1541.94
1530.72
1529.61
1529.5
1534.24
1527.61
1533.14
1527.77
1527.27
1526.78
1530.2
1530.16
1533.5
1529.22
1529.03
1528.77
1530.64
1531.2
1530.77
1530.16
1536.29
1535.69
1530.06
1530.2
1532.46
1529.32
1535.5
1529.34
1527.79
1531.34
1528.68
1527.73
1530.98
1526.58
1526.96
1527.85
1531.04
1534.53
1529.96
1529.04
1529.17
1533.43
1533.08
1527.64
1530.22
1530.77
1536.13
1532.22
1532.21
1529.52
1529.4
1527.5
1527.18
1531.54
1528.27
1528.52
1527.34
1527.45
1532.62
1530.12
1536.14
1529.29
1552.56
1532.32
1528.46
1529.7
1531.36
1530.35
1529.95
1530.14
1528.17
1530.55
1550.71
1530.59
1527.73
1530.85
1529.89
1530.19
1528.93
1530.08
1531.62
1527.72
1530.62
1528.16
1530.46
1573.95
1527.53
1529.58
1534.18
1526.06
1532.96
1528.82
1555.98
1527.93
1528.44
1529.51
1533.04
1533.71
1530.57
1527.06
1527.86
1531.78
1528.6
1530.95
1529.77
1529.28
1531.02
1528.63
1529.16
1530.6
1527.42
1545.52
1537.99
1534.09
1533.53
1529.18
1528.59
1531.37
1528.75
1528.62
1530.54
1527.89
1529.67
1530.71
1528.62
1537.92
1527.94
1527.67
1532.19
1530.24
1530.2
1528.26
1556.83
1547.31
1527.93
1526.94
1529.48
1529.5
1529.02
1529.15
1527.24
1530.18
1528.06
1530.03
1531.35
1528.84
1530.26
1528.65
1529.89
1530.02
1531.22
1535.72
1529.24
1530.12
1531.45
1531.42
1526.5
1529.28
1533.6
1532.19
1531.69
1530.86
1529.6
1529.65
1569.91
1535.98
1531.45
1530.59
1531.95
1528.9
1535.7
1531.98
1527.72
1531.1
1529.3
1528.92
1531.04
1531.92
1540.26
1529.67
1528.1
1529.96
1530.27
1530.17
1543.47
1528.9
1529.16
1532.58
1532.22
1528.74
1531.35
1529.01
1537.77
1535.5
1528.47
1628.99
1530.45
1540.27
1530.42
1527.87
1533.76
1527.3
1531.12
1530.56
1529.32
1530.78
1527.51
1531.22
1529.44
1529.81
1537.13
1530.43
1528.67
1530.18
1529.8
1530.56
1531.17
1530.26
1529.38
1529.14
1530.57
1533.5
1539.16
1529.7
1530.1
1534.97
1558.06
1533.26
1531.08
1532.6
1531.06
1531.97
1530.62
1528.71
1531.43
1531.18
1529.93
1533.19
1529.28
1531.8
1531.22
1534.49
1532.67
1534.41
1528.48
1534.28
1527.84
1532.5
1533.67
1529.85
1532.75
1528.33
1532.54
1529.95
1533.02
1533.3
1530.14
1529.65
1529.97
1533.62
1535.14
1530.67
1531.52
1535.41
1530.74
1532.25
1535.24
1527.86
1529.45
1531.36
1531.31
1534.33
1530.6
1531.58
1533.02
1531.01
1532.86
1530.13
1531.13
1531.67
1533.55
1534.16
1532.61
1534.38
1532.36
1530.8
1532.1
1534.7
1544.78
1530.99
1531.81
1530.96
1534.98
1533.4
1531.02
1532.29
1536.83
1533.14
1529.87
1530.62
1530.24
1538.47
1534.67
1531.73
1533.87
1530.76
1535.74
1533.51
1535.86
1532.19
1534.92
1533.76
1532.11
1534.53
