742.335
747.229
744.283
742.596
743.107
744.58
742.865
742.954
742.794
746.406
743.365
743.736
744.708
742.969
744.891
742.583
743.598
743.581
752.58
920.195
960.33
901.466
935.372
927.189
752.359
769.497
778.693
775.044
761.531
747.818
745.975
743.865
744.14
743.014
743.834
744.725
744.043
742.81
744.484
741.973
746.29
742.61
745.562
745.07
743.459
743.147
746.594
742.804
750.012
746.219
743.907
745.595
743.933
753.918
742.493
743.398
745.363
743.365
742.879
743.047
741.732
742.101
744.414
743.232
743.498
744.667
753.5
744.75
743.022
743.496
748.821
746.291
745.229
742.981
743.915
748.202
744.602
747.084
743.861
743.431
745.788
742.835
743.337
743.682
744.66
745.032
745.018
743.645
746.1
744.873
743.952
749.054
744.037
743.116
744.757
743.824
743.643
742.102
743.957
747.272
742.939
745.576
743.314
744.908
749.323
743.275
741.859
742.673
741.812
745.115
744.511
747.636
744.675
744.408
743.87
742.798
743.495
749.921
756.332
746.902
743.716
743.941
747.59
744.098
743.897
743.633
742.555
743.756
742.51
743.359
744.956
742.957
744.968
744.792
743.026
744.358
744.062
744.948
744.705
745.67
743.743
743.022
744.992
742.934
743.919
747.242
742.326
744.021
744.74
743.172
746.031
743.654
743.028
743.963
742.667
744.358
744.269
747.646
744.962
744.698
743.251
743.906
750.315
746.366
745.373
743.387
743.48
743.287
750.086
742.254
742.929
744.85
743.208
742.136
741.843
743.311
742.992
742.446
743.538
743.497
745.097
743.017
742.925
744.249
745.058
743.165
744.095
743.749
744.074
743.97
744.825
744.674
742.118
744.709
742.953
743.248
745.117
744.352
743.469
742.43
745.635
743.325
743.612
746.769
743.569
748.07
749.681
749.974
743.854
743.394
744.003
743.19
757.797
746.664
742.353
744.909
742.467
743.662
743.325
744.415
744.461
743.26
742.149
744.116
743.434
747.255
743.701
743.771
744.05
746.269
742.679
742.774
744.236
749.698
743.552
743.786
743.878
743.51
743.711
743.688
742.826
743.493
742.746
744.763
742.48
742.735
743.811
752.109
745.182
745.714
742.719
744.179
744.679
744.262
744.641
744.041
743.782
744.011
743.813
742.8
745.218
742.305
742.62
748.319
749.975
743.672
744.685
744.995
744.408
745.314
774.21
748.976
745.035
745.267
744.629
744.012
742.51
745.219
743.181
746.958
742.901
746.59
743.687
743.736
745.663
742.428
743.779
742.641
745.145
746.381
745.268
744.854
742.496
744.454
744.705
742.527
743.905
744.774
747.734
747.579
747.618
744.427
745.793
744.196
743.445
743.2
744.175
742.905
744.846
742.887
744.262
745.77
743.608
744.339
743.603
743.241
747.232
751.909
744.186
745.502
744.249
744.004
743.193
745.15
745.939
743.183
743.197
742.47
743.373
746.387
743.305
742.316
744.081
744.68
745.728
744.673
743.911
743.811
742.482
743.632
744.912
744.064
744.93
750.772
742.622
745.336
746.206
743.709
745.485
747.974
784.483
742.639
745.984
745.606
746.331
743.145
744.262
742.414
743.75
742.695
743.305
743.575
743.756
744.669
743.169
743.583
742.491
745.231
746.505
747.358
742.553
744.867
745.979
745.828
745.289
745.603
744.289
743.467
744.497
744.825
743.423
743.617
748.939
742.862
745.702
743.784
742.913
744.917
743.401
744.615
745.005
743.375
743.983
743.683
743.229
745.364
744.267
745.289
747.616
780.433
744.067
744.894
745.799
744.73
743.13
742.465
745.648
744.428
748.32
745.548
745.735
744.049
745.992
745.708
744.764
745.015
744.411
747.039
743.962
743.457
745.977
746.728
744.168
743.303
744.549
745.861
744.443
744.68
742.562
744.089
747.276
744.746
745.409
743.566
747.611
743.969
743.097
745.714
743.276
744.293
745.434
750.97
744.149
746.19
746.027
745.819
746.807
744.621
745.188
747.687
750.348
744.807
744.555
743.407
748.394
744.217
744.945
746.066
745.32
744.659
745.151
743.331
743.965
745.545
745.037
743.504
745.676
747.22
746.875
746.038
746.719
744.228
745.03
746.715
746.051
743.631
744.745
746.975
746.337
743.71
743.399
746.804
746.603
746.665
751.357
744.705
744.895
747.637
744.935
743.997
745.121
744.101
745.566
744.435
745.373
746.906
746.478
745.938
746.534
748.392
