1605.96
1605.37
1604.31
1607.01
1617.51
1614.28
1599.85
1606.71
1603.97
1602.63
1606.05
1612.47
1611.65
1606.64
1607.08
1605.66
1611.74
1601.88
1603.67
1609.56
2119.03
1990.9
2039.46
2021.78
1617.1
1628.87
1705.15
1658.5
1699.87
1637.4
1608.13
1610.73
1610.26
1618.64
1605.27
1615.06
1617.83
1614.15
1610.33
1608.88
1601.77
1606.08
1603.28
1606.59
1609.67
1610.08
1603.89
1611.36
1607.47
1611.22
1606.58
1609.88
1611.43
1609.87
1604.02
1606.93
1605.71
1610.43
1610.41
1605.08
1612.65
1604.94
1607.7
1614.39
1603.13
1612.23
1609.29
1624.93
1604.54
1601.47
1612.36
1615.35
1610.7
1602.46
1607.08
1606.12
1614.48
1608.11
1606.83
1608.89
1610.2
1617.97
1621.35
1609.28
1614.29
1617.59
1606.35
1618.08
1606.55
1611.89
1612.84
1609.01
1597.79
1601.55
1612.03
1613.2
1610.66
1608.32
1607.3
1612.92
1606.46
1610.92
1610.18
1606.52
1618.71
1610.87
1604.59
1609.61
1606.7
1605.7
1613.77
1603.17
1619.6
1618.8
1611.63
1617.76
1609.65
1613.35
1611.97
1609.73
1610.43
1611.99
1602.31
1607.42
1608.98
1601.13
1615.85
1608.49
1611.05
1616.25
1614.34
1611.15
1601.67
1611.14
1618.91
1607.75
1607.9
1611.89
1604.89
1615.44
1604.64
1605.75
1609.53
1605.58
1610.07
1606.17
1612.18
1601.47
1606.26
1604.69
1608.89
1612.53
1605.04
1603.79
1615.87
1608.36
1611.05
1612.43
1627.77
1619.98
1608.07
1616.87
1610.9
1619.7
1611.5
1613.42
1604.5
1607.04
1618.03
1601.87
1605.41
1600.95
1609.81
1600.68
1600.73
1603.54
1606.79
1610.74
1608.86
1607.93
1614.49
1600.46
1610.63
1607.61
1603.06
1607.19
1607.93
1603.47
1616.2
1612.46
1612.32
1608.29
1612.29
1612.61
1604.32
1614.05
1615.86
1608.79
1615.18
1601.13
1609.09
1612.08
1612.19
1611.01
1616.47
1610.5
1612.43
1613.03
1602.07
1612.49
1611.33
1615.66
1612.69
1604.02
1614.45
1605.56
1623.21
1616.95
1608.31
1614.78
1608.01
1610.08
1599.78
1634.15
1609.41
1606.55
1609.58
1607.26
1612.87
1614.77
1605.66
1610.99
1621.94
1616.01
1613.82
1606.95
1614.73
1600.8
1610
1613.16
1605.03
1601.92
1605.18
1605.11
1608.44
1608.6
1614.95
1604.25
1612.69
1605.3
1604.79
1612.35
1607.69
1608.32
1603.88
1607.59
1605.48
1606.3
1602.28
1605.05
1609.9
1614.69
1607.5
1607.63
1613.61
1616.73
1610.49
1608.24
1608.43
1606.32
1603.22
1754.51
1604.55
1612.37
1664.63
1609.9
1613.47
1619.59
1609.53
1604.98
1612.42
1601.15
1607.17
1613.51
1612.04
1605.37
1602.89
1609.64
1611.84
1613.4
1608.87
1609.95
1608.49
1611.79
1616.54
1609.88
1606.03
1613.54
1608.22
1619.27
1616.88
1613.98
1609.39
1616.71
1607.71
1615.32
1607.57
1609.3
1649.4
1610.72
1610.75
1607.22
1605.49
1611.66
1614.99
1605.68
1604.71
1618.3
1614.51
1617.49
1609.78
1605.83
1617.32
1617.43
1617.25
1605.1
1604.94
1607.53
1610.34
1609.93
1604.33
1607.87
1607.04
1608.41
1612.81
1610.63
1613.54
1606.82
1605.17
1614.17
1611.01
1611.08
1611.86
1604.35
1610.98
1616.94
1621.12
1610.63
1609.69
1617.71
1615.25
1616.52
1618.17
1623.01
1615.01
1611.6
1609.94
1608.95
1618.35
1609.7
1611.37
1604.13
1604.36
1604.8
1602.5
1617.9
1608.76
1603.35
1605.08
1607.49
1617.48
1610.48
1614.42
1612.6
1613.47
1605.09
1610.52
1621.85
1608.51
1616.17
1608.31
1614.46
1612.36
1606.21
1606.86
1608.42
1606.45
1605.12
1607.04
1617.1
1607.31
1607.46
1611.64
1609.15
1612.09
1611.37
1620.11
1621.31
1618.35
1609.07
1611.72
1606.3
1614
1623.18
1611.84
1609.17
1610.76
1606.86
1617.42
1607.9
1609.05
1623.28
1614.15
1610.45
1609.15
1606.49
1606.28
1609.89
1607.29
1608.71
1608.67
1615.8
1609.26
1601.64
1616.17
1606.83
1610.86
1612.94
1606.64
1612.15
1608.38
1613.37
1607.42
1602.16
1614.19
1603.99
1609.35
1606.38
1599.35
1609.19
1611.73
1623.96
1613.28
1602.14
1602.63
1612.49
1615.47
1620.86
1612.68
1624.38
1609.2
1620.36
1612.14
1608.6
1622.45
1615.6
1612.36
1606.61
1608.99
1613.37
1604.59
1609.89
1613.62
1614.97
1605.42
1611.06
1610.14
1611.55
1628.28
1610.89
1608.61
1609.07
1617.23
1613.77
1628.24
1609.65
1609.02
1612.46
1608.59
1606.7
1604.89
1613.08
1617.1
1611.67
1613.52
1614.87
1608.25
1618.78
1624.81
1613.87
1618.26
1617.8
1614.64
1615.69
1612.31
1613.81
1613.05
1622.36
1610.81
1615.21
