3412
3410.75
3421.61
3394.36
3411.93
3435.85
3419.99
3421.51
3419.02
3406.42
3421.11
3420.36
3421.95
3428.69
3431.31
3403.71
3413.93
3435.64
3462.28
4483.86
4389.4
4327.95
4368.85
3454.14
3455.76
3638.37
3550.08
3587.71
3441.89
3429.58
3431.18
3438.31
3440.24
3444.76
3424.82
3445.13
3442.97
3453.79
3456.01
3415.87
3444.62
3430.9
3437.6
3456.94
3436.25
3433.68
3448.92
3445.71
3444.66
3440.4
3409.11
3429.56
3424.73
3460.12
3412.19
3433.52
3419.83
3429.23
3428.15
3427.06
3439.39
3423.79
3433.1
3427.51
3405.45
3453.29
3413.84
3438.2
3447.06
3454.05
3436.53
3456.49
3433.56
3437.31
3423.73
3431.85
3445.36
3426.77
3428.46
3461.54
3435.94
3462.14
3461.98
3443.95
3461.76
3445.58
3442.01
3466.08
3438.19
3453.45
3419.21
3450.22
3436.29
3435.45
3442.61
3431.63
3457.29
3410.04
3432.61
3418.66
3420.15
3432.67
3409.82
3432.11
3408.75
3419.84
3429.59
3442.06
3436.77
3434.02
3416.32
3413.63
3457.91
3454.87
3468.04
3435.38
3432.94
3411.42
3418.99
3410.33
3444.73
3421.19
3412.5
3404.22
3437.39
3431.07
3415.52
3428.73
3433.23
3423.88
3434.16
3421.51
3401.82
3452.86
3447.74
3427.49
3429.17
3439.81
3442.54
3451.65
3435
3419.59
3446.16
3442.96
3443.33
3426.32
3418.35
3427.33
3443.77
3418.42
3438.88
3441.76
3458.09
3416.35
3412.47
3417.84
3430.28
3433.62
3446.18
3444.68
3438.46
3434.97
3454.98
3447.42
3423.12
3431.79
3427.26
3416.22
3419.41
3414.19
3438.08
3429
3410.98
3417.81
3408.46
3407.56
3420.37
3419.86
3419.41
3427.73
3446.5
3429.86
3418.82
3406.56
3418.27
3451.61
3456.61
3466.74
3432.74
3430.03
3440.94
3429.08
3408.7
3441.99
3424.98
3440.41
3444.1
3442.85
3429.11
3414.68
3418.46
3434.75
3437.77
3438.69
3436.55
3437.16
3464.56
3451.21
3440.31
3446.26
3443.82
3457.85
3455.62
3421.23
3420.19
3423.57
3433.61
3422.99
3421.21
3425.03
3417.97
3437.83
3424.55
3419.33
3408.17
3432.49
3444.15
3426.05
3439.15
3425.71
3445.67
3451.58
3429.28
3455.93
3417.99
3418.73
3421.96
3421.18
3434.53
3488.87
3428.42
3414.48
3444.71
3428.64
3442.74
3425.53
3469.41
3406.25
3426.58
3411.84
3414.68
3447.84
3455.93
3424.52
3420.59
3457.84
3415.53
3433.73
3424.74
3435.65
3433.24
3457.13
3434.88
3438.01
3437.2
3452.27
3452.19
3428.07
3425.51
3419.95
3440.4
3429.03
3435.49
3451.82
3468.03
3431.07
3437.29
3453.67
3447.97
3439.94
3460.94
3425.43
3464.44
3454.45
3449.71
3419.62
3421.93
3421.19
3434.72
3452.78
3425.25
3468.25
3409.22
3444.11
3437.04
3439.53
3459.47
3466.5
3448.84
3439.79
3442.98
3426.61
3441.46
3452.88
3452.93
3460.01
3469.65
3426.44
3436.92
3413.27
3440.42
3413.18
3432.84
3433.32
3453.09
3426.93
3412.89
3430.07
3425.49
3452.71
3424.31
3420.62
3450.04
3424.04
3453.92
3433.5
3430.51
3411.21
3417.45
3432.66
3421.49
3424.18
3434.03
3463.92
3462.19
3415.04
3456.51
3428.91
3416.77
3445.07
3456.67
3434.29
3432.38
3430.18
3428.66
3478.07
3447.27
3429.19
3463.18
3452.73
3481.38
3457.87
3429.65
3457.72
3431.33
3462.15
3433.86
3431.22
3436.39
3447.89
3417.31
3412.78
3418.17
3441.87
3421.2
3446.37
3441.92
3456.69
3426.8
3433.08
3450.49
3457.58
3462.15
3459.7
3481.81
3431.25
3417.94
3422.54
3427.95
3461.31
3421.17
3418.79
3427.11
3438.72
3434.63
3419.79
3433.92
3422.48
3421.21
3471.67
3442.53
3424.14
3453.23
3484.69
3429.77
3429.04
3420.25
3437.57
3444.39
3425.59
3434.22
3452.43
3441.06
3452.38
3442.91
3423.7
3452.22
3443.59
3426.41
3437.67
3450.45
3436.88
3464.29
3444.94
3448.69
3429.24
3422.52
3444.66
3414.33
3437.01
3421.25
3440.9
3455.59
3404.26
3432.02
3435.81
3421.99
3434.23
3408.24
3452.69
3417.98
3418.48
3416.91
3420.9
3447.78
3412.44
3430.12
3420.53
3406.25
3430.56
3450.83
3413.92
3425.64
3430.79
3441
3460.3
3439.29
3456.76
3452.81
3455.83
3431.39
3455.57
3441.45
3412.31
3422.34
3428.55
3420.56
3427.23
3428.11
3424.84
3439.72
3436.85
3434.09
3466.48
3438.58
3440.21
3435.32
3476.29
3444.68
3428.31
3423.2
3438.37
3438.98
3453.45
3445.36
3417.9
3430.45
3460.64
3434.48
3415.81
3442.3
3446.54
3454.38
3419.63
3439.66
3439.21
3421
3429.65
3459.37
3459.44
3437
3441.89
3436.33
3442.82
3449.04
3466.66
3462.98
3479.45
3448.22
3467.65
