3075.34
3069.77
3066.5
3080.54
3077.29
3080.19
3072.38
3074.22
3073.71
3064.86
3070.93
3080.11
3082.55
3067.68
3078.27
3070.71
3079.05
3074
3071.61
3197.04
3995.71
3813.09
3866
4139.28
3126.28
3205.92
3261.22
3282.5
3113.24
3102.42
3071.22
3079.26
3082.74
3078.33
3076.91
3084
3083.65
3079.11
3083.2
3087.57
3085.39
3067.43
3089.59
3080.43
3087.98
3083.62
3088.13
3089.43
3123.42
3090.74
3075.5
3078.6
3086.23
3079.38
3071.39
3080.07
3080.96
3071.67
3107.1
3074.15
3087.86
3076.59
3077.14
3081.13
3075.13
3075.35
3070.19
3077.39
3106.56
3071.86
3086.1
3081.63
3090.59
3089.13
3088.35
3086.98
3079.19
3073.05
3077.85
3080.98
3076.95
3090.61
3086.76
3083.88
3081.98
3078.66
3088.88
3086.93
3078.02
3088.34
3079.71
3086.76
3067.03
3076.79
3090.1
3087.94
3085.58
3069.29
3072.73
3080.43
3071.33
3089.95
3066.67
3078.09
3081.26
3076.96
3072.47
3085.83
3073.17
3069.73
3075.97
3093.75
3095
3075.37
3079.99
3075.72
3079.75
3102.66
3084.21
3085.83
3073.18
3075.2
3075.64
3072.98
3084.48
3084.78
3068.94
3075.35
3071.84
3076.42
3077.78
3072.48
3076.95
3080.66
3084
3074.72
3073.95
3082.91
3079.21
3081.92
3075.64
3072.9
3067.35
3079.01
3081.36
3088.72
3076.91
3074.92
3075.1
3077.22
3076.68
3080.35
3086.93
3074.45
3065.74
3072.27
3082.59
3092.21
3077.24
3084.62
3079.73
3085.95
3091.08
3113.94
3091.31
3090.05
3082.26
3066.8
3090.66
3070.05
3075.29
3072.55
3073.16
3076.01
3073.51
3067.96
3072.08
3068.18
3069.8
3077.41
3081.46
3064.62
3073.82
3072.96
3079.59
3074.44
3083.09
3090.21
3077.75
3074.54
3082.08
3075.65
3073.92
3070.11
3066.39
3094.14
3083.2
3082.69
3078.92
3084.55
3086.68
3088.29
3078.27
3075.45
3073.25
3110.47
3094.2
3103.88
3086.52
3075.62
3081.85
3077.14
3078.23
3068.87
3080.74
3068.96
3080.69
3072.08
3079.49
3079.07
3073.93
3074.37
3071.5
3077.91
3065.98
3079.33
3097.11
3079.87
3118.59
3068.22
3082.81
3083.91
3087.5
3080.81
3089.1
3071.58
3069.41
3073.44
3068.37
3076.02
3087.48
3068.73
3067.92
3076.33
3081.75
3078.96
3088.65
3072.59
3093.88
3077.55
3070.49
3081.95
3076.13
3091.99
3090.15
3086.11
3075.87
3079.21
3064.83
3073.09
3077.48
3073.75
3070.42
3077.32
3085.82
3082.88
3086.43
3073.39
3073.09
3071.28
3138.82
3092.67
3072.62
3087.53
3077.9
3072.87
3082.09
3088.29
3118.3
3076.6
3088.23
3083.9
3084.25
3079.33
3090.82
3074.84
3065.95
3069.86
3119.67
3082
3075.34
3078.05
3072.58
3074.99
3076.22
3078.04
3080.39
3097.34
3088.74
3092.22
3097.31
3092.35
3078.75
3080.38
3083.39
3081.67
3080.09
3071.44
3073.32
3073.03
3086.07
3090.85
3089.75
3078.82
3076.03
3074.23
3081.64
3078.09
3074.67
3085.4
3068.28
3087.44
3076.17
3080.57
3086.5
3081.22
3074.2
3071.84
3084.01
3085.54
3079.41
3073.67
3080.26
3072.98
3082.79
3073.15
3080.08
3081.47
3075.62
3083.44
3081.25
3085.06
3070.03
3079.45
3087.2
3083.07
3147.84
3082.38
3097.92
3095.66
3115.94
3070.93
3091.12
3103.41
3068.46
3083.06
3079.96
3074.78
3084.57
3072.29
3077.7
3074.11
3072.37
3085.56
3106.19
3086.69
3074.68
3072.87
3083.19
3077.62
3091.39
3095.15
3088.42
3084.85
3070.61
3069.23
3070.13
3069.49
3073.85
3090.32
3072.86
3075.37
3090.99
3083.88
3075.14
3074.31
3078.48
3075.4
3071.14
3085.08
3078.9
3078.45
3090.79
3082.82
3071.66
3070.43
3067.59
3079.99
3086.48
3070.56
3078.12
3081.41
3112.27
3103.17
3079.95
3081.35
3080.87
3084.79
3099.36
3079.47
3077.77
3084.17
3086
3080.28
3078.13
3073.9
3082.88
3085.31
3080.1
3077.74
3075.82
3120.3
3102.4
3066.23
3076.17
3082.01
3066.03
3086.31
3069.43
3084.68
3070.3
3075.97
3075.82
3078.23
3076.27
3074.95
3068.46
3078.68
3073.38
3084.43
3083.97
3088.19
3085.19
3097.11
3076.48
3088.36
3094.9
3089.41
3090.69
3099.64
3081.16
3086.93
3074.2
3080.17
3092.87
3073.86
3089.75
3081.68
3080.35
3084.25
3076.62
3079.98
3081.13
3096.71
3082.35
3082.43
3084.96
3091.16
3080.01
3085.2
3080.06
3078.96
3083.12
3082.84
3090.81
3077.15
3087.85
3083.21
3087.04
3077.04
3079.89
3089.37
3097.62
3079.13
3081.93
3083.24
3086.6
3087.52
3081.44
3095.15
3085.86
3082.31
3088.12
3084.54
3093.13
3082.5
3087
3100.22
3085.33
3091.96
