3073.69
3066.25
3074.92
3074.05
3074.4
3082.02
3084.77
3071.98
3070.91
3078.81
3073.11
3076.78
3079.03
3075.73
3073.82
3062.43
3066.88
3075.46
3159.36
4028.53
3803.34
3786.87
3877.14
4064.87
3113.1
3188.7
3202.16
3233.76
3138.55
3104.91
3077.84
3083.19
3074.83
3072.63
3082.17
3095.55
3082.78
3087.9
3078.11
3083.61
3091.32
3069.32
3077.73
3081.92
3088.18
3083.82
3071.55
3086.58
3089.23
3085.29
3075.37
3079.82
3082.66
3079.48
3073.03
3076.14
3080.96
3089.4
3083.82
3075.91
3070.87
3076.71
3071.42
3068.92
3065.4
3079.7
3073.3
3083.67
3070.46
3074.81
3088.2
3074.58
3082.68
3090.29
3070.94
3089.81
3081.92
3078.36
3089.02
3086.58
3087.09
3082.47
3081.16
3078.35
3081.19
3076.95
3085.02
3103.82
3076.7
3074.85
3082.44
3085.47
3084.91
3088.5
3085.46
3075.81
3084.12
3075.84
3089.07
3085.81
3074.02
3081.58
3072.09
3080.16
3080.99
3071.51
3071.4
3077.12
3073.34
3076.58
3072.82
3083
3093.9
3080.61
3079.53
3087.48
3084.15
3089.62
3079.89
3075.63
3077.01
3068.47
3079.6
3068.81
3087.36
3092.15
3075.29
3085.24
3078.73
3089.17
3083.78
3074.89
3072.95
3084.29
3094.62
3070.82
3072.46
3085.24
3087.59
3087.29
3077.92
3068.12
3073.66
3066.28
3089.22
3082.65
3073.61
3074.34
3086.06
3068.25
3074.63
3082.24
3076.62
3079.45
3076.86
3063.47
3078.7
3109.84
3080.64
3082.78
3077.9
3081.29
3087.03
3101.43
3090.72
3085.79
3113.58
3070.78
3095.91
3070.15
3076.77
3073.77
3070.43
3070.46
3072.27
3070.25
3073.91
3072.79
3071.39
3082.41
3077.73
3071.42
3076.39
3078.29
3073.32
3081.66
3084.04
3082.91
3084.44
3088.14
3080.12
3074.46
3071.51
3079.08
3074.64
3070.29
3076.29
3077.62
3074.22
3073.34
3082.65
3084.28
3076.01
3087.92
3087.68
3081.23
3094.37
3085.2
3087.48
3080.7
3091.6
3082.89
3087.75
3075.67
3072.28
3083.04
3070.86
3068.1
3082.04
3071.53
3076.35
3070.94
3077.05
3087.9
3067.92
3086.17
3089.67
3084.24
3081.12
3084.33
3079.79
3083.63
3079.69
3083.86
3084.04
3074.3
3078.52
3081.29
3079.37
3090.35
3064.15
3071.34
3071.41
3069.57
3078.11
3085.91
3086.78
3086.47
3074.16
3077.24
3067.15
3080.98
3078
3090.98
3077.95
3083.24
3070.56
3099.84
3077.64
3078.56
3079.76
3078.21
3073.56
3082.82
3091.56
3076.99
3081.16
3072.28
3078.67
3077.64
3204.99
3131.15
3072.65
3078.72
3080.98
3070.13
3081.75
3089.28
3108.08
3095.86
3073.01
3066.27
3089.26
3075.16
3091.99
3077.49
3073.77
3078.07
3080.43
3089.13
3072.2
3071.31
3065.43
3083.31
3083.36
3074.15
3072.71
3088.86
3084.96
3151.8
3090.38
3081.79
3084.05
3082.76
3087.68
3091.9
3088.87
3071.35
3073.04
3079.62
3081.12
3096.52
3092.79
3086.95
3091.12
3064.92
3075.53
3072.62
3076.05
3080
3077.38
3072.37
3075.73
3097.17
3088.47
3086.33
3072.32
3070.06
3073.74
3081.58
3070.8
3071.64
3073.15
3083.85
3078.98
3067.45
3076.95
3091.87
3077.31
3074.72
3084.38
3083.54
3074.78
3089.82
3069.33
3080.17
3090.16
3081.74
3140.73
3101.33
3088.9
3083.93
3092.73
3076.27
3081.03
3083.77
3076.46
3091.4
3072.63
3082.34
3076.39
3078.44
3079.25
3091.05
3079.1
3079.84
3076.12
3076.74
3139.11
3083.68
3079.08
3078.83
3088.32
3081.03
3091.93
3079
3070.3
3072.49
3080.92
3081.87
3075.83
3074
3079.96
3078.6
3076.26
3071.75
3078.57
3080.6
3081.94
3095.05
3083.74
3078.73
3086.65
3084.73
3075.7
3074.95
3079.84
3086.35
3092.27
3074.99
3076.26
3079.84
3101.24
3090.9
3077.84
3071.03
3090.26
3089.73
3090.06
3078.1
3083
3085.63
3093.18
3084.94
3081.36
3085.07
3087.89
3089.9
3071.81
3084.52
3086.53
3130.8
3087.22
3074.99
3078.3
3077.3
3073.74
3082.02
3065.42
3094.25
3074.07
3073.94
3073.99
3078.67
3076.92
3072.29
3070.38
3071.43
3079.2
3087.23
3080.74
3098.27
3083.23
3079.35
3077.48
3081.99
3092.79
3089.31
3084.3
3097.37
3076.7
3097.68
3088.99
3078.78
3101.43
3072.77
3079.29
3072.61
3086.68
3074.48
3083.84
3074.91
3080.58
3084.96
3075.14
3090.2
3089.54
3098.83
3092.11
3080.84
3077.41
3086.31
3085.61
3101.15
3082.05
3082.62
3088.73
3093.44
3084.33
3088.8
3076.53
3091.8
3093.9
3081.39
3078.54
3079.77
3083.23
3101.95
3089.27
3083.44
3082.39
3079.47
3086.18
3083.13
3090.68
3094.39
3092.55
3091.95
3094.29
3107.61
