744.23
742.875
742.784
742.02
744.141
743.253
743.745
742.204
742.91
742.981
742.952
744.121
744.103
741.888
743.101
742.293
744.771
742.813
810.519
971.86
920.35
943.65
931.349
931.034
748.241
753.876
787.387
766.141
752.13
746.982
743.232
742.456
744.837
744.351
743.116
745.133
742.907
744.011
744.899
744.155
746.384
743.393
743.064
742.294
744.336
745.677
742.894
742.394
746.289
745.884
744.868
745.137
742.382
745.978
743.109
744.101
743.179
744.246
744.584
743.324
742.958
745.229
743.306
742.76
742.341
752.564
761.478
744.496
743.228
744.168
745.308
758.995
744.854
742.725
743.856
748.538
743.392
744.586
743.807
744.246
743.961
742.896
743.419
743.311
746.181
744.956
743.689
744.499
746.722
742.778
743.206
743.749
743.28
744.604
743.597
742.026
745.559
742.857
743.519
743.793
743.142
746.913
743.068
743.629
749.994
742.682
744.883
743.437
741.958
743.195
742.994
743.679
744.509
744.385
743.841
743.254
742.559
757.136
750.315
748.323
743.047
741.81
743.141
742.773
743.863
742.955
743.759
742.391
741.097
747.086
743.813
742.417
742.562
745.253
745.392
742.958
742.869
743.049
744.664
744.805
742.655
742.437
745.002
743.596
746.115
743.795
743.222
743.682
743.732
742.269
745.074
744.983
746.746
744.052
742.95
743.469
741.489
747.819
741.983
744.741
745.778
744.001
742.883
748.181
745.021
744.269
744.071
743.433
745.522
744.382
742.304
744.419
742.055
743.678
742.094
741.612
750.898
753.593
743.461
744.118
742.992
743.69
742.176
744.109
742.814
744.315
742.441
745.403
743.956
743.652
743.897
743.447
743.692
743.804
743.179
742.726
744.84
743.401
743.145
743.172
745.986
744.687
742.77
743.646
744.947
748.684
748.485
747.198
744.331
742.977
744.843
743.589
770.693
742.942
743.671
743.341
744.096
744.491
743.642
743.376
743.415
743.542
746.96
749.397
742.529
742.092
744.937
745.414
742.78
743.015
743.744
743.124
746.893
746.075
744.31
741.576
743.428
743.375
744.962
743.312
742.282
743.32
743.121
744.577
744.104
742.796
745.617
752.486
744.554
742.153
743.179
746.344
743.53
746.534
745.597
742.535
742.491
745.207
744.13
741.858
742.785
743.872
742.205
744.408
742.331
744.879
745.801
741.82
742.969
742.621
757.46
751.948
742.085
745.227
743.061
744.982
743.406
744.073
745.236
744.533
744.26
742.456
742.354
745.889
743.085
745.113
745.312
743.307
744.241
743.961
742.655
743.978
743.338
743.698
744.651
742.83
743.797
744.401
745.638
750.586
744.353
742.708
743.813
743.801
742.632
745.211
743.556
743.809
746.431
742.161
745.371
746.664
746.739
746.063
743.624
743.293
743.371
747.954
744.904
745.474
743.031
742.805
743.188
744.099
744.655
742.411
743.632
743.831
742.039
745.391
743.765
744.56
744.288
744.735
745.16
742.064
743.832
743.393
743.771
745.277
744.953
745.016
742.832
745.994
742.078
745.294
745.22
744.753
743.984
745.561
752.98
744.851
745.239
746.349
750.734
745.946
746.988
745.976
743.067
742.773
743.298
745.096
743.57
746.742
743.322
745.352
744.784
744.444
743.57
745.114
746.785
744.74
745.094
756.773
744.836
743.392
742.413
743.902
743.825
743.539
742.765
742.666
752.174
742.555
742.944
742.941
742.376
745.399
742.294
743.298
743.525
741.533
744.438
743.425
744.602
750.656
741.644
742.686
743.948
743.288
746.098
743.43
745.749
745.164
744.452
743.355
744.897
745.811
750.386
744.148
745.108
743.022
743.64
743.613
747.063
743.341
744.375
744.069
744.242
743.744
743.915
761.957
745.701
742.98
743.95
745.035
744.052
744.651
743.484
745.223
743.201
743.374
742.638
743.066
744.895
743.487
742.495
743.345
743.099
745.245
749.341
749.559
744.042
743.265
742.467
745.663
744.612
743.458
745.743
744.455
750.03
748.528
747.158
744.109
746.65
745.188
745.808
745.583
744.214
746.075
743.92
743.772
743.693
745.956
746.536
744.933
745.694
748.769
745.373
744.472
743.344
743.935
746.314
744.597
746.683
746.298
743.224
745.562
747.451
745.896
744.959
746.318
745.518
747.082
743.487
743.844
744.327
746.659
746.125
747.088
742.899
743.976
744.271
745.142
745.59
747.87
744.264
745.754
745.401
745.938
