3969.59
3968.6
3970.19
3976.57
4004.06
4005.18
4004.14
3969.23
3965.57
3974.13
3982.3
4006.94
3992.53
3990.65
3975.16
3975.25
3976.38
3985.95
4127.18
5353.66
5090.92
4937.39
5050.76
4050.98
4258.99
4290.97
4236.93
4233.01
4079.7
4056.89
4002.92
3998.58
4003.91
4023.65
4023.92
3980.84
3984.25
4021.18
4019.81
3979.01
3999.28
4012.58
4030.88
4013.32
4038.17
4005.72
4017.66
3992.22
4001.99
4026.57
3985.76
3998.65
4019.58
4026.32
3983.61
4007.72
4013.05
4004.2
4008.46
4009.4
4019.55
3984.61
4010.27
3988.93
3963.57
3986.19
3994.49
3986.55
3972.75
3997.29
4014.97
3987.86
4000.81
3994.37
4004.48
4012.89
4015.46
3990.67
4000.3
4030.28
4035.42
4021.78
4011.05
4008.58
3988.14
4030.97
4040.9
4004.78
4015.11
4013.51
3996.35
4046.68
3965.08
3997.24
4013.28
4019.44
4025.44
3971.5
4004.17
4009.6
3974.84
4009.98
3962.17
4008.37
3988.14
3985.68
3979.42
4006.52
3986.27
3989.14
3976.66
4042.4
3999.91
3982.41
4003.29
3989.3
4026.56
3979.27
3995.27
3971.73
3974.39
3972.98
4001.92
3986.19
3986.78
3987.74
3995.35
4010.58
3988.06
4020.05
4016.46
3988.67
3985.8
3996.66
3999.86
3988.45
3984.2
4020.85
4037.49
4011.5
3979.08
3993.43
4019.4
3970.75
4016.84
4002.4
3982.92
3977.67
4003.13
3984.62
3991.01
4021.11
4088.05
4004.07
3997.58
3986.06
4039.9
4006.66
4024.21
4032.26
4000.75
4020.34
4013.62
3989.75
4008.73
4014.15
3984.18
3999.81
3977.98
3988.58
3977.18
3970.4
3968.52
3990.96
3998.49
3969
3977.13
3961.48
3989.18
4009.65
3998.46
3999.12
3984.15
3982.44
3996.37
4009.34
4010.25
4014.12
4045.05
4032.67
3997.41
3987.43
3979.07
3977.94
4010.27
3989.08
4011.39
4012.96
4042.38
3985
4017.31
4022.22
4009.32
4001.23
4003.76
4000.69
4025.42
4006.92
4019.8
4018.06
3997.25
4015.01
4008.3
3990.87
3992.83
3969.95
4001.36
3994.46
3986.68
3976.98
3998.18
3991.91
3992.58
3981.56
4012.69
4002.23
4022.61
4021.05
4010.42
4033.14
4014.37
4018.51
3998.97
4021.7
4013.46
3990.99
4001.47
3998.78
3983.51
4008.92
3982.82
3982.47
3978.77
3996.08
3995.34
4002.53
4023.24
4003.9
3992.22
3980.77
4003.76
3990.97
4010.97
4004.12
3987.05
3997.42
3982
4036.94
3978.65
4029.62
4040.03
3989.6
3978.37
4019.55
4017.94
4004.9
4017.22
3983.28
3990.96
3967.49
4036.03
3982.22
3984.6
3999.65
4031.13
3959.52
4028.16
4017.75
4007.47
4030.24
4018.29
3985.85
4003.41
4010.43
4030.94
3994.17
4035.7
3980.09
4023.61
4020.89
3967.95
4016.19
3964
4031.78
4034.82
3996.81
3976.51
4011.92
4026.44
4023.77
4015.83
4016.33
3999.46
4041.43
4003.05
4010.15
4017.14
3977.66
3994.86
3985.17
4004.19
3998.28
3995.96
4005.09
4006.58
3967.29
3995.58
4002.71
4012.87
4030.52
4002.56
3992.97
4020.64
4039.68
4005.62
4013.72
4014.61
3992.21
3983.69
4016.08
3998.8
3988.02
4002.99
4011.33
4033.71
3983.27
4047.35
4009.94
3989.3
4006.92
4025.32
3991.5
3998.6
4003.31
3986.19
4030.68
4023.31
4036.54
4004.5
4012.48
4029.94
4038.2
4045.13
4015.47
3976.11
3999.39
4002.91
3986.58
3978.44
4001.52
4006.16
3977.69
4001.15
3996.46
3972.99
4000.52
4024.02
4002.48
4024.34
3999.72
3991.86
4013.06
4013.82
4022.34
4008.24
4003.29
3997.39
3987.14
4014.47
4013.95
3991.46
3996.66
3998.83
3994.78
3988.59
3995.25
3983.28
3985.76
3989.82
4021.23
4019.01
3981.23
4017.87
4015.99
3988.95
4000.76
3989.04
4011.57
4004.44
3990.81
3984.71
4063.04
4027.31
4023.19
4000.33
4002.04
4036.54
4005.17
3997.52
4001.9
4039.65
4007.31
3986.18
4078.44
3992.79
3983.24
3979.77
3995.76
3996.27
3984.46
3999.72
4023.98
4017.64
3986.86
3974.94
4012.75
3974.61
4012.48
3971.47
4003.71
3978.1
3965.72
3975.54
3988.09
4007.75
3984.74
3987.36
3975.06
3976.06
4021.71
3998.78
3997.97
4041.18
3987.15
3986.33
4041.82
4012.42
4020.71
3997.92
4026.26
3996.14
4014.67
4012.92
3981.09
3988.98
4004.8
3996.6
3995.16
3998.27
3998.93
3990.09
3996.83
3999.09
3998.54
4029.33
3987.64
4018.71
4045.54
4030.13
4009.51
3987.24
3982.23
4031.41
4018.54
4033.24
4011.23
4019.6
4042.44
4018.73
3978.89
3982.43
4010.99
4027.4
4028.63
4010.07
4000.7
4010.85
3990.95
4047.73
4031.73
4008.69
4006.78
4030.08
4032.72
4029.8
4029.82
4024.25
4050.34
4035.63
4042.45
