781.777
780.905
780.295
779.785
780.82
780.555
781.784
782.557
779.75
780.176
780.96
781.95
782.594
779.458
780.635
781.327
779.588
780.538
789.139
1062.14
980.801
1005.41
991.395
988.681
789.019
799.059
814.432
841.792
784.093
783.89
783.086
782.117
781.394
783.087
781.355
782.333
780.468
781.804
781.992
781.078
785.133
780.411
781.869
781.157
780.381
780.583
783.934
780.126
783.415
784.424
780.363
780.89
781.558
785.228
782.154
781.904
783.226
780.428
781.528
785.205
781.69
779.634
782.149
780.279
781.327
782.581
781.652
784.336
779.644
779.731
786.478
782.493
782.488
780.717
780.065
785.774
781.636
780.758
780.94
780.743
782.213
781.795
782.803
785.521
781.153
781.653
783.445
781.553
781.104
783.754
781.531
781.711
780.124
780.477
781.833
782.783
781.65
780.901
781.967
781.435
779.958
780.347
781.744
781.497
782.746
781.423
779.284
781.257
781.636
779.989
780.95
783.913
781.131
780.321
783.81
781.965
781.294
789.958
783.161
787.174
780.255
780.493
781.26
779.672
780.793
781.15
779.044
782.248
780.031
780.884
780.546
780.658
782.777
780.554
781.251
781.272
780.321
782.731
780.624
781.625
782.94
780.89
781.121
781.175
782.878
780.285
780.895
780.887
781.1
780.921
781.329
781.27
781.196
781.365
780.82
780.788
783.516
789.905
784.122
782.961
782.618
785.059
785.563
781.798
786.649
781.082
781.227
780.569
786.047
781.714
780.81
780.676
782.689
780.441
779.081
780.36
783.676
780.004
780.964
780.906
780.194
781.862
780.469
781.079
779.756
781.032
782.595
784.995
782.639
781.216
781.496
781.367
780.739
779.43
781.079
779.997
781.936
781.006
781.705
780.941
782.901
781.32
781.818
781.484
782.396
785.214
782.76
783.941
779.889
782.507
784.486
780.507
782.18
782.528
780.245
781.051
780.005
779.555
781.558
787.819
782.482
780.312
780.453
786.485
779.625
782.422
781.748
782.312
783.927
781.459
780.915
780.463
784.312
782.783
781.541
780.392
781.117
778.812
780.548
782.723
780.246
780.922
780.328
780.816
781.014
781.492
782.894
795.365
786.053
780.692
779.481
781.988
783.452
784.551
784.121
782.419
779.935
781.156
780.358
785.98
780.689
781.418
780.283
783.096
781.489
780.486
781.258
780.656
779.935
781.415
790.077
790.679
781.604
782.074
781.98
780.867
783.41
781.278
793.418
783.731
782.09
782.068
780.999
782.535
784.072
780.776
780.058
780.526
780.866
783.439
779.966
782.017
783.727
780.346
789.622
780.571
782.546
781.235
784.355
781.468
781.095
783.1
782.516
782.611
782.996
780.146
782.162
780.327
780.308
780.031
782.067
791.094
781.419
781.248
784.226
782.434
779.783
784.969
782.18
783.724
780.38
782.171
781.537
782.365
780.094
781.87
782.092
781.862
779.575
780.577
782.609
780.031
782.021
782.944
782.219
780.956
781.132
784.468
780.691
781.949
783.044
781.499
781.973
787.332
780.482
782.695
779.921
780.869
782.63
783.24
783.833
783.269
783.877
780.874
786.462
782.427
780.909
782.325
781.717
782.364
781.636
779.998
782.403
783.743
782.087
781.32
780.13
781.705
782.819
784.102
782.505
781.201
782.468
781.269
783.584
782.752
780.343
780.474
782.112
782.226
780.929
782.064
792.012
782.571
780.401
783.091
781.95
782.111
782.246
781.539
783.373
781.551
782.204
783.694
781.668
785.383
781.176
780.859
781.24
779.919
781.696
786.445
787.762
781.531
782.573
781.37
781.318
782.442
785.531
781.43
781.77
780.811
780.547
781.008
781.712
783.167
782.233
789.884
781.643
780.38
784.594
783.495
783.374
782.486
781.124
782.017
782.251
783.707
783.103
784.391
781.203
781.613
781.546
782.312
784.022
780.083
782.093
780.822
784.878
782.483
782.283
783.907
782.419
782.609
780.796
782.176
787.79
782.536
783.563
784.622
784.855
781.725
783.176
781.876
784.21
781.228
781.858
784.313
781.288
781.346
783.836
781.349
783.728
781.971
782.449
784.103
781.849
783.236
782.545
780.816
782.848
782.316
786.353
782.747
784.806
782.671
782.135
783.371
783.542
783.762
782.201
782.557
785.459
787.025
780.802
781.848
780.966
787.718
784.135
782.683
784.366
781.688
781.494
782.388
783.044
782.707
781.962
783.716
783.001
785.518
